14038094842484744
14624844044739271
16623630959860675
16624218347067704
16491422811743135
14374902665786174
16437031421183009
13417740511578404
13417741059389231
13417743569322185
13417745219341198
13417746600884455
13417751240984609
13417753122265007
13417757326634657
13417757584966464
13417758819863912
13417759272106462
13417760462557971
13417766072293670
13417767269488882
13417769704868614
13417770587366610
13417773231619688
13417774926925435
13417775149711671
13417776479311090
13417777092408321
13417777616606110
13417782394393573
13417785258599461
13417786229932681
13417786328149875
13417787716816106
13417790380144528
13417790539826238
13417792870577715
13417794599185550
13417796067320526
13417796430023868
13417798331596937
13417799126681272
13417799637856185
13417800447347776
13417801032040957
13417801213955871
13417801929644514
13417803794911291
13417805659591423
13417807503446944
13417813529346295
13417814468265080
13417815204276740
13417831304848440
13417831701348398
13417834900622242
13417837629582140
13417838530532494
13417846756096370
13417854663003066
13417856237197280
13417870981597846
13417873152096323
13417881564755286
13417882898260020
13417883585280522
13417890174862946
13417895366480145
13417896562601743
13417896950789189
13417897087036417
13417898203802517
13417898674743101
13417902399885996
13417905488225832
13417905599249295
13417908213497973
13417909851976561
13417909956551743
13417911261502597
13417912898176280
13417921649874088
13417925019519071
13417926888092420
13417931918074546
13417937238903842
13417939222589807
13417939302031062
13417939433410727
13417940057768612
13417942243137491
13417943153670376
13417946893476740
13417947648107316
13417947928303799
13417950965209232
13417957440652946
13417957989246429
13417960701383742
13417963106769411
13417963537416229
13417964219577604
13417968460754592
13417971872301959
13417976181204450
13417983298174277
13417984338227138
13417984650049952
13417988703597226
13417989405938820
13417991424453444
13417997951926834
13418000408189491
13418001791796089
13418003348131268
13418004262550903
13418008977096378
13418013442280277
13418013758763105
13418015544734291
13418021884794736
13418022188716744
13418027539840476
13418028828317883
13418032230119538
13418032680948016
13418034077712918
13418042290590422
13418042907176453
13418044385394896
13418046014654750
13418046282375081
13418051247303845
13418052004583560
13418054076291928
13418057175252497
13418060211141867
13418062341367405
13418073671388222
13418076962451905
13418080264433756
13418081617006562
13418083556674204
13418087437577386
13418088338890815
13418088867487155
13418090432675243
13418091704936330
13418094049888682
13418097252282392
13418100854250886
13418104444340194
13418106020748016
13418106567175667
13418108154006151
13418113012526037
13418113267262281
13418113713322391
13418120789239765
13418123831009870
13418125083932464
13418125098557843
13418128005688907
13418130198994007
13418132532740191
13418134270538491
13418137121754906
13418137805486877
13418138615772020
13418138650505500
13418138972792457
13418150772701542
13418159582584225
13418159813783832
13418162064175461
13418165013996596
13418165209887169
13418171887420877
13418176983638125
13418178798055432
13418179023218448
13418185108717800
13418190040739345
13418191892268242
13418193743843556
13418200753043728
13418203823369676
13418204000799879
13418206566395711
13418209494326157
13418211121400652
13418212513685403
13418213264816622
13418213728079971
13418216455259663
13418217276904992
13418217381748744
13418222112895826
13418225655911289
13418231014479349
13418233287034974
13418234253668487
13418235134030682
13418236155174858
13418236547665721
13418237164914511
13418242468497680
13418247005254787
13418250697520203
13418255095252545
13418258462096167
13418274919438832
13418275377504796
13418275471777234
13418278464832791
13418280857484785
13418286113516101
13418290727632036
13418290995390259
13418292224489084
13418299310074633
13418307156411999
13418308412512295
13418309227587590
13418309511840106
13418315808265012
13418318015137344
13418321942804385
13418322925348470
13418323901696962
13418325691529299
13418326715696925
13418336483995575
13418345499658916
13418350010328741
13418355238132608
13418361627540149
13418361943621575
13418365842878407
13418367040382332
13418372700322188
13418373598822065
13418385093915556
13418393121670617
13418393812713749
13418394085351879
13418403475227703
13418410928629444
13418411540276400
13418413638574885
13418415685798458
13418417239956569
13418418779026246
13418423331044690
13418427454390757
13418428098164590
13418451304433144
13418452302791777
13418456727245182
13418463361936549
13418470214104008
13418471245873412
13418486020808837
13418486929933897
13418491588037118
13418495114607214
13418501355928521
13418507276750176
13418512732406467
13418513583471727
13418517736223532
13418530117921225
13418533144767451
13418534698902222
13418537953706690
13418538812401229
13418540303725074
13418540699561156
13418545308459231
13418546432263754
13418555839434300
13418556155077044
13418561103584468
13418561518673016
13418564514073927
13418565526568374
13418565750060539
13418568514615966
13418572945761085
13418573132991582
13418578724081789
13418580982172720
13418590196759858
13418594316907594
13418596429008044
13418611181099005
13418614973650410
13418616822654896
13418620156470648
13418624902398400
13418626940664966
13418635922357094
13418637542885050
13418639822470076
13418653069329681
13418655224081256
13418664385176898
13418673834047546
13418697362401732
13418698306872399
13418700606089605
13418708589785754
13418717221592213
13418728087095620
13418729626262270
13418733461428288
13418735536841236
13418739597326532
13418742498277041
13418750534768878
13418753616443662
13418763578488343
13418770820906263
13418774363254146
13418776681445639
13418784023907932
13418804501855112
13418804645045465
13418818030006266
13418818365518222
13418822413892759
13418824569699674
13418826412183181
13418827286422678
13418837746126518
13418845914473608
13418848848004469
13418851956218309
13418855500453170
13418858932227188
13418871549898888
13418877962514765
13418882506674474
13418888718787604
13418899824822028
13418905081070489
13418919778517138
13418944282545834
13418949201478513
13418973358727481
13418994162978875
13419007140543830
13419043368912957
13419050128543031
13419053771126551
13419062581191151
13419062934372812
13419065256878329
13419067904133121
13419084793581206
13419090977783728
13419096887548091
13419098639734046
13419109900213413
13419121238456224
13419125090623135
13419132288173173
13419133380268145
13419134021785485
13419147952970018
13419155746373566
13419169587575021
13419173220807183
13419178524253912
13419182844404682
13419193991600912
13419195231385227
13419200146169970
13419206610536801
13419207248585648
13419207958627595
13419224764430309
13419240188274413
13419241776154739
13419252728497664
13419256548601975
13419261887914097
13419281095150322
13419286326597918
13419294591124100
13419298988843171
13419310153835016
13419323179507927
13419342233680102
13419375974127344
13419382701437322
13419386205840681
13419386575069850
13419395006189703
13419399475132348
13419417928104399
13419425398797974
13419426047695952
13419448589732120
13419470607236588
13419472923644420
13419481114308082
13419493079538504
13419494906916613
13419503917158315
13419508491770760
13419512356262537
13419529818364179
13419530193644659
13419534517851514
13419549989377507
13419571568928273
13419584395343706
13419592102125784
13419594439447280
13419634386839937
13419647906617955
13419673191960943
13419685212336623
13419685772218025
13419699421762164
13419702701558371
13419715149122810
13419743225681797
13419753365191560
13419769546780498
13419779811457944
13419800084070542
13419812026716426
13419815078826937
13419860029347441
13419860863478751
13419867729147802
13419874766967706
13419911815328464
13419917580124532
13419932514171325
13419948389957553
13419950558879038
13419980961903190
13419986985364489
13419996364562151
13420024529718378
13420032362583712
13420063747118688
13420087755189753
13420122532391836
13420130078438602
13420138806595092
13420141727923600
13420142262067119
13420161443384129
13420190735231962
13420220990944408
13420222765351404
13420330749687510
13420342336983270
13420360051324278
13420375997421616
13420396684305284
13420500499381805
13420508568833991
13420509383591628
13420518287615838
13420607192036436
13420639661465163
13420674309693966
12248304329035567
14663490030170879
14665243621092487
14629123860966656
13416788470532087
13416789416094769
13416789670903818
13416789722551901
13416790769545770
13416791181321555
13416793197182391
13416793899176680
13416793940647745
13416794781231359
13416795213195033
13416796543165609
13416797337711065
13416801488568589
13416806552693785
13416808043884233
13416808845680804
13416808908260892
13416810072417008
13416810308271120
13416812488581134
13416812945984553
13416813193445741
13416813439006899
13416814186495717
13416814834550804
13416814999396947
13416815217634062
13416815614625470
13416815786326876
13416818164560502
13416818180166535
13416819116546738
13416819439283069
13416821467677726
13416823713174841
13416824074918092
13416825742595000
13416826777459504
13416828268500551
13416828911062746
13416829236433742
13416830052814812
13416830344878375
13416831825029843
13416831881889930
13416832906711408
13416834010135793
13416836144436124
13416836836070799
13416837888536374
13416837889027679
13416838086407401
13416838654454874
13416838773492552
13416839803474859
13416841812909930
13416842407911788
13416843681294881
13416844448202876
13416844579881527
13416845432487839
13416845945645342
13416846304021592
13416846551652179
13416847221600859
13416847434006601
13416847802041693
13416850826405233
13416851335839674
13416852012036771
13416853360496749
13416853388840139
13416853656072066
13416854529611648
13416855902830618
13416856604793657
13416858008937895
13416858278451744
13416858350368429
13416859846032346
13416859927021208
13416861216625890
13416861843335775
13416863980983296
13416866504105505
13416867411910825
13416867538049499
13416868310231943
13416868553765032
13416869637689777
13416869705454397
13416870014276915
13416871652057427
13416877199598714
13416878840910986
13416881452165453
13416881783135177
13416882518811112
13416883336913852
13416883386823274
13416883713144642
13416886301775248
13416887161366188
13416887651135100
13416887693223317
13416888210099052
13416889286706338
13416890899693367
13416891025288976
13416892469079966
13416893828373383
13416894912244806
13416895651135705
13416897212523466
13416899193125698
13416899619600474
13416900620404138
13416903262333315
13416904786667392
13416905869742568
13416906675711916
13416907783826619
13416909448514545
13416909471610549
13416909491314899
13416909618042902
13416910525997108
13416911789985321
13416912280549852
13416913043619915
13416913839236063
13416914416566935
13416915161928713
13416916341994651
13416917441906333
13416917876741230
13416919294984763
13416920868239828
13416920975891400
13416921265025099
13416923820665505
13416924909841838
13416925734794770
13416926168177279
13416927256182447
13416928855619985
13416929971932234
13416930712067512
13416931464860310
13416933215830539
13416933434196142
13416936043986028
13416938499349762
13416939663404634
13416939761295129
13416939830739605
13416940369240813
13416942566391716
13416942607125211
13416947101052630
13416947102907642
13416948928054342
13416952141712583
13416952471075387
13416952569622553
13416953471921090
13416953641612356
13416955016302266
13416955150113650
13416955390563787
13416958466502886
13416958882996897
13416959454927725
13416961597919908
13416962553959473
13416962631032795
13416963973094988
13416964848081757
13416965446789435
13416965729802936
13416965731356561
13416965819428148
13416966975268970
13416967363353622
13416969712273772
13416971258094354
13416971431367332
13416973445814411
13416973741622905
13416974442476458
13416975437120315
13416975472554981
13416976647597605
13416977057586432
13416978907636860
13416979924975143
13416983128270476
13416983681804528
13416983837710900
13416984777845564
13416985570518175
13416988856263127
13416989303081622
13416991369189956
13416993948612017
13416995968420124
13416996120678011
13416997696136893
13416997821892128
13416999820642752
13417000766007653
13417001609272536
13417001966071538
13417002090090301
13417002651054052
13417003677338726
13417004989941976
13417006424892422
13417006758777600
13417008955319411
13417012894584071
13417014393169385
13417016381225633
13417016397049027
13417017450064371
13417017450176331
13417018872824822
13417020399435692
13417022189040425
13417023904582702
13417025420930779
13417025632610351
13417025891997420
13417026011767060
13417026230050569
13417026530232642
13417026948334090
13417027455802147
13417029841203113
13417030148146774
13417032665691022
13417033671236799
13417033715151491
13417034728743035
13417036726471715
13417037722107356
13417038575561148
13417038969530844
13417039164915348
13417039770761307
13417040226232538
13417040580918979
13417041419502481
13417042167807837
13417044771476566
13417045509071854
13417046085612167
13417046163012419
13417049182866413
13417051714931773
13417054839185006
13417056676718117
13417057281248351
13417061768401700
13417062620129078
13417064818308101
13417066039256672
13417069570792538
13417070291846813
13417072456052572
13417072472748537
13417072636035938
13417076295749698
13417079676314211
13417079733997583
13417080425073937
13417080473078542
13417081900433849
13417083447973720
13417084051565816
13417086298875528
13417089839363962
13417090991758569
13417091973905697
13417093718497532
13417094859002481
13417096093146343
13417097881158896
13417098221565897
13417098312743210
13417099349356572
13417100247253204
13417100908236914
13417101473938657
13417102062884236
13417103128836689
13417105071350796
13417105125940817
13417111998153189
13417112393175831
13417113128782782
13417114412685317
13417114650197958
13417115557991618
13417117688132380
13417119324413058
13417122146832709
13417123556777311
13417123931680187
13417128314480083
13417130979437906
13417132269454785
13417133295237460
13417133474081988
13417133830241905
13417133942505826
13417138863764919
13417139495978826
13417141305990655
13417142836865931
13417143126190810
13417144934216342
13417147662621746
13417147927151051
13417148118334564
13417152228364246
13417152290032912
13417158878360915
13417162115423422
13417162437886445
13417163166627930
13417163928521076
13417164370971869
13417165598411891
13417165848687035
13417166317611149
13417166390241966
13417169567792296
13417172771474120
13417174169817763
13417175480751370
13417177186684686
13417178749474058
13417179836361906
13417180030433137
13417180313314373
13417183963015388
13417185060884428
13417185419611575
13417187892218911
13417189258147513
13417189837306315
13417190643534982
13417192912831785
13417194323146752
13417194681490115
13417195591977014
13417197871229382
13417198523645942
13417200160720097
13417202646869010
13417209009237026
13417211357305014
13417211736285265
13417213114938496
13417213333426397
13417213656510053
13417213671423041
13417213828905830
13417213923497701
13417214234630635
13417215152462685
13417215909297001
13417217962420073
13417219560234659
13417220120416253
13417220609388514
13417221066580031
13417222101826735
13417222146584574
13417222494949939
13417222646017525
13417224167196497
13417225047761583
13417226859973498
13417229316873955
13417230508318035
13417231028200640
13417234609269949
13417235062792008
13417235894388981
13417238962725492
13417242386131840
13417242849168783
13417244356092516
13417247307861145
13417247553557793
13417248135625820
13417249204059265
13417251453257348
13417251844731266
13417254615784017
13417255625273452
13417256167498295
13417261640931078
13417264218005875
13417265504980680
13417266783618673
13417272196771448
13417273128763268
13417275922217926
13417282539422974
13417287163954762
13417288091529003
13417289101141735
13417290289150302
13417290944186470
13417292042836642
13417292449701435
13417294071402866
13417294285390114
13417295021002518
13417295501083409
13417296446987137
13417298539170386
13417299038666565
13417299255203332
13417300694494636
13417302356135716
13417303282132116
13417307443265157
13417308408528793
13417313024476284
13417314801243383
13417315140076864
13417315476583658
13417316353872353
13417318790469179
13417318811490853
13417320194103888
13417321543051989
13417321640300685
13417325481196534
13417326147729128
13417327001222188
13417329183479870
13417331688859371
13417332259163123
13417333103793126
13417335667266181
13417337215124643
13417337459590325
13417338223562417
13417338455155587
13417339797541932
13417341650893821
13417343299817316
13417343620723409
13417343928996217
13417345058065123
13417347160742332
13417347982991729
13417348227348232
13417348254220452
13417348525734933
13417350002234608
13417350777057025
13417350883359051
13417351068716108
13417351496949872
13417354454560228
13417356404721674
13417356720200332
13417359236015229
13417359808568207
13417360205169389
13417362602971106
13417363111715210
13417364072423514
13417364239256636
13417365256659390
13417365854966359
13417370011278628
13417370599720553
13417372009160633
13417373652401226
13417376463448631
13417376818177000
13417376889964515
13417380379756926
13417384723218363
13417387776309350
13417387779644821
13417387782209608
13417388641357398
13417389309501699
13417392591452277
13417396764120333
13417398588612879
13417399883488073
13417402589274542
13417409220569119
13417409585255443
13417409616806604
13417412014881881
13417413235857962
13417414566529933
13417415186895998
13417415492978516
13417415856827243
13417418036629803
13417418972199822
13417419291450620
13417421549947968
13417422634098781
13417423365354365
13417425943491212
13417426194176109
13417427240081211
13417431628099192
13417433027652441
13417437821496427
13417438776161609
13417440604363564
13417441834142955
13417443154413843
13417443818133000
13417450022773915
13417453507441071
13417453944727150
13417455359186248
13417455404938279
13417456906124444
13417457848251754
13417457922310855
13417459341997967
13417459449111705
13417461289459719
13417463500066231
13417463695501571
13417463858324080
13417465759579791
13417468642540255
13417469681595181
13417470455969510
13417470534800508
13417471464267105
13417471988557108
13417472844111162
13417474038886177
13417474734527546
13417476890430631
13417479513811700
13417482082356517
13417482388774100
13417485466371458
13417490717004802
13417490722305130
13417493941150419
13417496138308157
13417498422563489
13417498481507600
13417499317600477
13417499441203253
13417499952585282
13417500854590953
13417503224787459
13417503829147205
13417505679508398
13417508449533215
13417518909774258
13417518972222044
13417522072677654
13417522429047812
13417524646667514
13417526937344955
13417527628340306
13417528966326379
13417530008276770
13417532440095187
13417532934620911
13417534742214716
13417535203271419
13417535689352876
13417536556307757
13417541197346874
13417544466421488
13417545442169157
13417546924878089
13417549926633397
13417550827555920
13417553530430468
13417555305163376
13417556081602724
13417557706020656
13417559634783809
13417561646421652
13417561889756868
13417566860999276
13417569484223169
13417569934221595
13417571044008780
13417577549793395
13417580702423349
13417581495022763
13417581829490898
13417582021259468
13417593353053573
13417593893695985
13417594833086995
13417597362740524
13417603070559269
13417603816901236
13417607383806868
13417612417986227
13417614431159659
13417615863364448
13417629659779115
13417632721432753
13417632732526304
13417637561229069
13417637573083307
13417641205641345
13417641365720995
13417641669447213
13417641981531210
13417649796377266
13417650865011111
13417652793868033
13417653519588519
13417654913096974
13417659061181567
13417659972952086
13417663444106652
13417668596189297
13417670738152157
13417672575901674
13417673890591108
13417674076077970
13417678702471389
13417679943919986
13417681303714717
13417683534911359
13417687007956496
13417690820932146
13417693506780099
13417695070523775
13417697884060737
13417700003234111
13417700286968830
13417702013563847
13417704243157839
13417707661958194
13417708490466613
13417709246931751
13417713801011140
13417716330884449
13417717889868276
13417717992548353
13417718638566667
13417724558364363
13417724912593515
16633902020626242
13200949870279549
13121550877669818
16198132367947221
16012271755769978
15766039265091797
15766842076424227
14135319871280354
14135798825545548
16261210579833445
15215662562656998
15524649914180985
