15249525048033421
15286177089947993
15286759541052710
14580498523039744
16719210773474509
16827363458954205
14413531883793876
15895538577703516
15724855217061988
15750472879621672
15138688877198896
13094037695239097
15246607392102830
15248561306756549
14733483226865310
14752659628493038
14753302358447854
12741814961649307
12673988405453205
12306152474154487
14573427525290832
16803452539415143
14850777758318323
16748382625947460
16253240462597692
14319955008456086
16590588656803201
16590627066802958
14689838235672560
16783116709066869
15717812692396649
12460483835391587
14038960191549817
13243325902485199
13245027913127320
15592574663950704
16045590947912612
13056854645191394
11997301691176331
15652791175920105
16246109274558315
14246010650836017
15369933375650908
16465077623253675
12524491877100921
14698375813028075
15994992258607054
15736332200879397
12489437781920091
16521152172838494
15153160993684457
16445062509558613
16446204840006702
15912354661805491
16000299487168345
16754762481462671
15898374963642797
12882043217790698
14155387092770847
16781041682455461
13156859316964902
11975779174181444
14487727190157188
15952907999167654
12314448295840137
16308413915361731
14190327887951018
16638519959355832
16638669396057416
12403207065856453
14061710423300966
15937192291999604
15335188558178813
16379059074320161
16583499246105422
14359100665425898
14809074475929111
14809995003709260
16025666802035466
14014302229994385
15012232631583215
12899682980624965
15969285921334710
16623022037151159
16605725420051427
16606578817565926
13413140510159668
13413172147535823
13413902255641676
13413926833216642
15766932184123279
15766946883390804
15766955490019627
15766968674748400
15766977531108234
15164193026019634
15164345771719288
15164446027927036
15164446225298048
15164506624792108
15164546089734175
15164546964044023
15164749266359772
15164802498338271
15164808335770115
15165267688538496
15165293264964510
15165423035944906
15165622964273172
15165920729642744
15165969193776848
15166010780688343
15166042427903044
15166239597981453
15166445755359783
15274190374654023
15274191712992952
15274193492839098
15274193642720598
15274205070656895
15274208264417641
15274244288780175
15274255696000903
15274259110658980
15274277602507188
15274331016160367
15274343711616113
15274392649928964
15274414903858554
15274416300786951
15274416601250046
15274504741216550
15274533593057663
15274557292738240
15274570684712539
15274617862326244
15274643374670231
15274647019837540
15274658531128124
15274751500204471
15274759180726311
15274776952067497
15274881178519777
15274978315374553
15275000422786556
15275022592635652
15275046793166565
15275060774969738
15275098150941422
15275124311152544
15275128308143091
15275143653933314
15275181476046801
15275194613661513
15275265509015098
15275331833886772
15275373405184231
15275446087511498
15275481531750900
15275495237988696
15275496552861346
15275539108102283
15275540617312937
15275558961374052
15275563781017286
15275607861319859
15275634641952540
15275759883493705
15275825873887925
15275844849299064
15275857530042818
15275868779434640
15275977460798585
15275982072172171
15276056514172823
15276083341180770
15276134274287113
15276139364146267
15276157022939879
15276201834357325
15276206574107498
15276298917271867
15276497317383492
15276552990084833
15276581870712922
15276743306683647
15276746366029496
15276811251016971
15276830750942970
15276962457207534
15276994495972293
12457136258331639
12457210583792396
12457318683410273
12457331789897396
12457366618225069
15721423021427559
12192258571052186
13191393070153022
13191435619490709
13191538248033030
13191634048797619
13191669233964447
13191681605705073
13191706676797991
13191712671896558
13191752055779821
13191767417022008
13191784384285589
13191817169692222
13191878534369677
13191878739096546
13191938158012516
13192019496853151
13192037608900305
13192066785649925
13192069728096799
13192076129548867
13192080799342957
12240296551384774
12240330225182338
12240372057892744
12240419138273504
12240474181958124
12240485485380702
12240567483405676
12240579073278173
12240632394361116
12240654293756965
12240875469487195
12240905551195843
12240933716001275
12240939205668520
12240992236603306
12241003766073261
12241032730776395
12241113774757458
12241202457313901
13316720444068366
13316727997438447
13316729226216502
13316732988459546
13316735834227233
13316750833525732
13316758963484650
13316773051065557
13316811663189989
13316816902440325
13316862173466948
13316912596798609
13316919065003907
13316921686075815
13316934590918143
13316937938745226
13316980997590952
13317062775319946
13317113636561938
13317219620182052
13317246701688949
13317314407250151
13317342682190132
13317392717850024
13317403037867296
13317492448853381
13317558187763437
13317649843005566
13317723643588847
13317727617537339
13317825258759784
13317826520196246
13317876624885651
13317895028475823
13317904951333333
13317969823903028
13318053860666613
13318060670885991
13318201375088697
13318235211905854
13318239439027927
13318464887347974
13318489784476058
14374816465528531
14374819894516409
14374825488236001
14374849103381982
14374880325329512
14374967546031732
14375021589717363
14375102267119858
14375110180656638
14375210296769204
14375211408580696
14375249352011690
14375257167876972
14375290917980224
14375301847685059
14375309876102564
14375336277912694
14375372122383177
14375437104249466
14375480168217224
14375482206330940
14375498332661550
14375513822582742
14375529683485845
14375664889683176
14375667955841424
14375693798846094
14375707440775179
14375723104840254
14375761529535340
14375780946253970
14375860275881094
14375977669831369
14376049295313276
14376153358068545
14376154446451367
14376251045917494
14376317250696782
14376470876405071
14376619105490667
14376737860590993
14377066589390095
14377102607332304
14377450942634101
12051846185848550
12051896629633388
12052230787126381
15767080106606480
15767144723405993
15767155612181521
15767196144064185
15767328734200154
15767390869440343
15767395097337233
15767427766712864
15767541807064920
15767565170078533
15767604345629876
15767608904119546
15767637897348125
15767785598023202
15767804323045964
15767822453449786
15767832231962499
15767998680391361
15768197944149882
15768267457694550
15768320752161715
15768356821815974
15768490990237296
15769675502684459
13251703099844996
13251703717197034
13251714460009026
13251731038269132
13251755172144562
13251804595298238
13251809076050087
13251818442961583
13251849894713537
13251853752062734
13251922789707960
13251940837011011
13251949504189291
13251950303450703
13251983886667110
13252005130705334
13252083707787240
13252115194853815
13252141847406628
13252168583157431
13252208491190823
13252247976712617
13252296393944399
13252394093527195
13252404606577898
13252424322126199
13252430362074265
13252526165641292
13252528457690318
13252618768435639
13252671604496607
13252682053830794
13252709776405059
13252720975093077
13252786343027153
13252787543072902
13252860359700974
13253113303353621
13253196648047333
13253220656631229
13253271013180984
13253286577090187
13253308910755420
13253353888988241
13253608043673190
13253761332187174
13253961993036762
13254034189738227
13254129931562417
13254135332294481
13980266099259229
13981083460174170
13981190099360482
13981857227543218
13981919710003023
13982345330545134
14225889101419228
14222165881371900
14222342813886486
14222903828828695
14223142825756255
14223344167417480
12096925973684515
12096956064603284
12097005004334498
12097007739544593
12097065976539472
12097092539676540
12097093056348082
12097117929605701
12097174871617801
12097189182973828
12097276553666358
12097286361976339
12097288837307508
12097306669335100
12097347847873157
12097359582950075
12097369469018011
12097395512175853
12097480207105483
12097514750342733
12097545140041210
12097547560562631
12097548057823933
12097566734335659
12097574233278190
12097575915657431
12097582958869162
12097594240044024
12097598572969662
12097622304463180
12097629694792667
12097744622812703
12097889151422398
12098077978093531
12098098020881806
12098116381492175
12877360277785964
12311950238560218
12312101030918929
12312213017330138
12313215293195343
15243385521514669
12910428137407583
12910459485971144
12910484846896552
12910491975621643
12910496299896755
12910911327582668
12910967204114417
12911079944714268
12911139664967212
12911186456831014
12911375413558573
12911513738796052
12911622228600932
16436560319498886
16436574156396588
16436643365501913
16436655731461703
16436668366796932
16436697695818014
16436736372906572
16436809875254227
16436943076882186
16436955220828043
16436988145881282
16436991325167442
16436991721072296
16437041381217952
16437117533735348
16437139802089134
16437232086191525
16437317604401332
16437482038877417
16437517741558698
16437581848420728
16437623556797742
16437908328695426
16437954226684618
16438249723389768
16438323683855198
16438412849244589
16438435141082627
16438439468767483
16438623660979546
16438990695779896
16767942890560441
12217078000360344
12217784628601341
15632322820649377
12999345705945306
12999435027016661
12999665159339831
12320454783609889
12320522516634350
12321529764378115
13417740293066136
13417748150301145
13417758052149907
13417764022231417
13417764341507898
13417771325450031
13417772057672836
13417778956679430
13417781190359695
13417782813401606
13417786337371995
13417788533225429
13417790099387263
13417794105699398
13417800257557028
13417804036761722
13417805980978466
13417833297571455
13417837293615097
13417839678265679
13417841369624435
13417848334024966
13417860950726966
13417867272365710
13417871456376338
13417875201142261
13417898378179112
13417900440472415
13417901546060802
13417906111568639
13417908504254904
13417920365437769
13417921710410510
13417926434161253
13417932047672266
13417934820618885
13417944532010965
13417947665344451
13417947991941823
13417959071650610
13417962600449767
13417965231508441
13417972062167581
13417974831027064
13417976703743962
13417995925780364
13417998093977350
13418006075343865
13418007972787980
13418015019321488
13418037624963238
13418038453544007
13418044727093055
13418045545881460
13418059916110506
13418063267003407
13418064190105022
13418078844362711
13418086965491228
13418095316048208
13418117168876987
13418121511921444
13418122224431019
13418129148062342
13418129990949598
13418150215815900
13418165069690887
13418168822518442
13418176731334443
13418183729210999
13418185725952122
13418196772418327
13418199087116581
13418242656153342
13418251234208873
13418262444582944
13418273146669206
13418273638197358
13418274208542532
13418287860465977
13418299218718970
13418301087674535
13418306647463713
13418315882715054
13418335241341815
13418344730779122
13418354954351158
13418357955596173
13418374859243210
13418383594394110
13418384228475469
13418388148398481
13418394677340358
13418397639597442
13418439728007168
13418444115874646
13418447680104343
13418473409854171
13418491521696163
13418512008703071
13418517265024895
13418518063231321
13418518545788030
13418527100358566
13418554622206624
13418557162680550
13418558859866751
13418560543459544
13418563617233004
13418603209407532
13418608672423327
13418666887392170
13418671341534300
13418674910330258
13418699278390583
13418730315168921
13418735224604012
13418755906346446
13418771479316416
13418771600335844
13418777119985235
13418808604782379
13418813699178251
13418837064868401
13418881114873665
13418881753904189
13418905960019354
13418924755780392
13418958291231898
13418970504457231
13418980610727530
13419008414389590
13419011003593810
13419031762457691
13419056043302349
13419085708083211
13419101140093202
13419108360942959
13419146343299172
13419149888492126
13419153513963486
13419186900527933
13419198513927971
13419206142038480
13419206788754610
13419214141424673
13419216987276897
13419222099488996
13419255161352371
13419264902632118
13419292938344124
13419294616845245
13419298335080809
13419309928678257
13419317330586577
13419339185830305
13419361828000075
13419394352180353
13419406468911889
13419411840310763
13419427467262784
13419450204219420
13419494193660990
13419511300504538
13419529567328467
13419538015987543
13419556149156042
13419578010628589
13419584229882512
13419596751758181
13419605333350976
13419628505896572
13419651547875570
13419702368441881
13419728384626096
13419733661958980
13419837658963442
13419871146014243
13419891317344874
13419909122446971
13419921123377916
13419927569981654
13419954429030565
13419959985516212
13419981025875772
13419993116401762
13420022441521841
13420040196471248
13420042758845844
13420060698113740
13420070334119725
13420096241936836
13420129088672551
13420135682600965
13420145184692047
13420153285401439
13420161936315708
13420174516150212
13420182843904894
13420221339404606
13420227406613522
13420239998711829
13420248699515006
13420249411518600
13420278517251976
13420296158839306
13420307144987727
13420336636459370
13420341316422086
13420351177691182
13420363893310506
13420366028752065
13420372977960726
13420383895825023
13420395276742768
13420406234145365
13420424491941510
13420439868112226
13420441770763280
13420512435780936
13420541704184230
13420572668730211
13420577677239305
13420615126953220
13420615329371218
13420650389556274
13420656008804437
13420675868137796
14435299486533116
14435329755075093
14435384254334301
14435437297812697
14435486162925736
14435486684662868
14435500120289318
14435525872947233
14435606454312941
14435613811082442
14435635293694538
14435708293401559
14435794974268015
14435810354739341
14435860799809716
14435879184088870
14436003962668016
14436018525971239
14436078960983243
14436092707263727
14436128831550624
14436154313484102
14436178646330603
14436199887813318
14436298724614127
14436369521687740
14436489418055805
14436505244663586
14436530416716215
14436547119189702
14436577526321372
14436600807284226
14436695779406706
14436717471122679
14436813045608414
14436844771554535
14436870694525930
14436894033023629
14437205561536903
14437210283940852
14437316698744883
14437741156798490
14437753529072818
14437769299835125
14437833721905478
16027894329726056
14740760640634181
14741134408513769
14741588887859060
14742052250600658
14743036146283872
12225315941224115
12857001968711359
12857676623960333
12857679651122244
12358731447352851
12358751201366614
12358809880046353
12358845561900514
12358895391214020
12358917784865517
12358929787952830
12358937076280785
12359010469941179
12359108897202646
12359148648871260
12359148867309893
12359152471924339
12359158048823313
12359269065370520
12359360932213719
12359530705994934
12359568145526859
12359635520307871
12359710062664641
12359754919515960
12359811301428555
12941488477823557
12760885592602439
12760912093481808
12761280853685371
12761426309313773
12761437473959991
12762085733219184
13197739494793004
12215364905995453
12215391506903992
12215410632069105
12215419143888479
12215449933426442
12215483496971744
12215523867219245
12215534205987417
12215557432957732
12215605276788852
12215644539630122
12215732506889214
12215798981222832
12215801551042949
12215863480689346
12215968393863189
12216005642549237
12216176577097965
12216359642423753
12216460232445706
12216480644756456
12216681834747239
12216884402893764
13978093382066076
13978102613295536
13978121569550975
13978181033603599
13978267829892107
13978338799110932
13978404615151528
13978487259058554
13978532509342682
13978572622113633
13978603449016426
13978659550008293
13978687321151419
13978727323866559
13978741326119393
13978783601571442
13978921923905649
13978926987319240
13979003496204699
13979007797152048
13979103279386495
13979240863798806
13979286670053062
13979394891564027
13979420477053763
13979483955726942
13979532293047186
13979643926197937
13979685568729087
13979760643094140
13979791630071695
13979947856196374
13980056707614625
12272212916723837
12272221334785017
12272255037553236
12272287153314025
12272449299608613
12272484315198391
12272529911072559
12272556987583640
12272588222041487
12272613042668308
12272671105910198
12272703917065811
12272704707453496
12272706487280365
12272713097548037
12272714515826957
12272724594006631
12272784085214336
12272789211631584
12272918722962618
12272958597970174
12273075638374677
12273092925307030
12273174809545566
12273175287870909
12273214517895635
12273217814503802
12458563485124753
12458669739087814
12458697647128335
12459039051776696
12459132980588702
12294095104141442
12294105620176789
12294597895024119
12380575839609625
12380597179454747
12380645843195464
12380672004838524
12380680850115980
12380711195156930
12380751854132178
12380762665422729
12380769424859173
12380911519187394
12381033172514118
12381081338316749
12381378171631697
12381389450426200
12381428555245702
12381492175664755
12381512951796214
12381535685476739
12381595413389385
12381699066517894
12381715380675957
12381726298973835
12248044901817356
12248045042202815
12248081266445334
12248160579660795
12248308841488108
12248359062511654
12248369286719570
12248406593698958
12248436614897144
12248441463974361
12248460154627469
12248461646146422
12248492228384471
12248501748070712
12248504897962493
12248544537473728
12248592033338597
12248593655559814
12248666505663206
12248687151800995
12248704058745925
12248768287673569
12248807313299152
12248890889398079
12248946095026276
12249093054447684
12249118540178350
16800303336564359
16800343138190639
16800394678797092
16800545914872698
16801557133252136
14503886383114770
14738053146937136
14738074989983679
14738101561634241
14738217068031883
14738254265662150
14738255894864932
14738257047099397
14738258493208650
14738299107199768
14738325877587093
14738331420998555
14738351706778323
14738375932587216
14738496155553162
14738522213434120
14738542749036481
14738580675782801
14738591932317585
14738624614759807
14738673268481961
14738693336692507
14738705480519676
14738728662384888
14738868425290611
14738920404563638
14738943444552677
14739001517818102
14739146585647053
14739206138934580
14739223891506227
14739285425414072
14739289847055278
14739383073620304
14739460093605403
14739605733546430
14739640156035740
14739656101615416
14739683483594564
14739709676028161
14739900652150830
14740235590508326
14740378340070450
14740395521367200
14740500088815863
12291865697064496
12291900310064925
12291915406878781
12291932610147343
12291948478991632
12292021468865684
12292035494518932
12292051042044358
12292088127124189
12292096057285323
12292147048884122
12292188679336634
12292201155143314
12292232934841560
12292308390915574
12292358170459366
12292374056250061
12292432302405040
12292493822599009
12292497974496270
12292526107243616
12292546827861085
12292550818416268
12292761478502453
12292764141098356
16704581927832064
16704984286025240
16014361685213573
16014950942391781
12484840624343736
12385466753411242
15564354183956232
15564364312027377
15564372906943059
15564379435636801
15564391951053854
15564412497266767
15564431394640286
15564443428502224
15564453882350727
15564462564578218
15564463240685948
15564495347991579
15564527671828863
15564535200829109
15564536022174126
15564563034294403
15564598150067980
15564616477079651
15564624846025272
15564630280703316
15564632581909856
15564637582760930
15564655314173158
15564666003509337
15564689606662363
15564754082546113
15564786582793261
15564792665099499
15564834217602752
15564908365778109
15564941667296160
15564943855636979
15564963827025239
15564977278597820
15565014431605771
15565051601135537
15565053879528037
15565082605186793
15565114208255156
15565120023959709
15565123622486334
15565172329408924
15565187324830961
15565220553118655
15565239125400040
15565278363958597
15565299038373548
15565299898584539
15565323514214435
15565347132797934
15565361716136498
15565372518872175
15565499697472292
15565601844074464
15565654551775757
15565654887323326
15565747407667121
15565749887172159
15565801108392591
15565821542937855
15565890362751848
15565932827965070
15565952760475905
15566022711166696
15566035054547956
15566080273977093
15566147314272220
15566168051384628
15566197999921955
15566216545623907
15566219799651499
15566249040278217
15566262501620549
15566265101225184
15566274098988598
15566339026968204
15566348051310618
15566368606833556
15566378387073956
15566381911754695
15566397146348526
15566433324817166
15566501330727520
15566537545562910
15566571425057212
15566605691072981
15566607248604663
15566645159623028
15566711190917679
15566732283610480
15566784669820716
15566814167343525
15566835876199785
15566858499768879
15346657971913423
15346885062926421
15347130380551724
15347748142563884
16693344733301474
15415055569140229
14545210723811216
13118140393737341
13118157170661774
13118177444457438
13118208536840596
13118218740941582
13118230142951757
13118235767472220
13118319668774280
13118393229743776
13118497129933238
13118513730456436
13118554365407137
13118560335747774
13118587655277896
13118615102062381
13118716072859245
13118812588010569
13118828955085631
13118936641049135
13119053882176960
13119058068706336
13119087131479581
13119092227876478
13119389074782365
13119424543350614
13119511851505161
13119543671481930
13119597311604112
13119676661509469
13119800511706472
13119833934139698
13119842032658475
13119922680906805
13119978614729880
13120139960178115
13120283529135856
12937229783810375
12937281937742334
12937290422788067
12937328709497890
12937410920903996
12937511763842693
12937535624172759
12937557602371363
12937574197731910
12937582286982675
12937601731810460
12937655095703016
12937657973124904
12937679303586354
12937701261506281
12937726394752398
12937730822460856
12937737897624198
12937749081948009
12937871063322814
12937881850829166
12937920751559289
12937928361376563
12937964423310751
12937975439111233
12937981449969314
12937993108722355
12938082678325561
12938245753847189
14924268397191115
16554622752987451
16554635197960094
16554655313634967
16554708829873391
16554711101563241
16554711535878959
16554768802920461
16554911096025738
16554980507013109
16554990928830769
16554995713544062
16555042753666162
16555133583796813
16555141370125515
16555386782304902
16555432336687558
16555434812988629
16555447697291523
16555475518327326
16555548575212748
16555559352609580
16555666217286016
16555693396190515
16555702675381218
16555785835216922
16555796250243288
16555808024247207
16555913005759206
16555936529290605
16556082429059291
16556210618796349
16556264871130648
16556267194320100
16556325768828679
16556342809286223
16556456174330336
16556481633752339
16556516326662229
16556577786081945
16556661204197644
16556723569486533
16556968729080661
13192125911423961
13192191854886170
13192238481884945
13192243996501462
13192255377863856
13192288974054646
13192299693706275
13192322417084131
13192455540583739
13192479137545076
13192512619468045
13192615199790763
13192621397267110
13192761008041884
13192804907576983
13192945679601832
13193044596596800
13193062537079746
13193081942284341
12481288099700289
12481348409425320
12481351534459651
12481362454821795
12481523177606497
12481567665331540
12481584730032216
12481590130118259
12481592754564092
12481618001881256
12481670326618298
12481696406608816
12481702873394211
12481733516827841
12481742083600395
12481743727231835
12481748769631268
12481788730259768
12481801714911276
12481860792283040
12481875841511185
12481928938996150
12481940793505753
12481966346983394
12481973265735478
12481991251707213
12482007010766409
12482011383194003
12482072885949305
12482082410640442
12482099789949453
11967685353701100
11967921663327578
11968328773406820
13179686287337911
14564650821417579
14565104553083549
15526088415450262
15526099504875259
15526110710031471
15526137270394802
15526137983288681
15526188169877848
15526190912198260
15526191522306517
15526194896948087
15526342846514503
15526383888154834
15526471952888056
15526497323481531
15526578876151446
15526615175790509
15526619699438124
15526701429445841
15526768173591399
15526815323499712
15526895860048228
15526917292604345
15526965472513516
15527121453010709
15527189488196503
15527195311601956
15527553093071340
15527636003090252
15527954964299166
15528046751471194
15528222308567074
15528436217791587
15528617597763369
15528666742063540
13416788671327559
13416789414653340
13416790232975114
13416790367271491
13416790971904643
13416792201150911
13416792328234148
13416792351120744
13416793128754301
13416793472759308
13416794249878626
13416798407344640
13416802804764922
13416806675345510
13416808608962911
13416809516850487
13416809721821985
13416810418991662
13416810930541586
13416811855919169
13416813664651159
13416813769790854
13416814538927689
13416816906909550
13416818275625463
13416818469766275
13416818816895099
13416819134495160
13416819621535954
13416821883438996
13416823902260908
13416824568496964
13416824634759822
13416825135977561
13416825820032276
13416825973294314
13416827474856047
13416831268280479
13416831745461029
13416832082555363
13416833019949458
13416834387368226
13416836012395097
13416837798698948
13416841167342006
13416841531792225
13416844612370922
13416845643881268
13416845659667134
13416847152181895
13416848022515357
13416848790610662
13416849087745395
13416850082531466
13416850470799207
13416857368287737
13416862460889448
13416864072425793
13416864120951077
13416865071949341
13416869904912738
13416870057958443
13416870218695450
13416870833808183
13416872100505723
13416872520456335
13416872910140111
13416876439598190
13416876521595128
13416879725037044
13416879902806928
13416884210759073
13416886691612772
13416888703206713
13416889689550218
13416892281000575
13416892692249387
13416894537130654
13416896697480209
13416905958660917
13416911834252269
13416912748274853
13416913064773463
13416918024793731
13416919698980347
13416920713977528
13416930371741398
13416931715284524
13416937054825494
13416938686366188
13416939307759314
13416941314160336
13416943357485388
13416944948034947
13416951516632751
13416951660304670
13416953942544597
13416956323027294
13416958497906192
13416959892046097
13416960883615322
13416961067640419
13416961464966631
13416962716032981
13416963001085763
13416963263420807
13416965678778360
13416966848855522
13416971114380706
13416971770174510
13416976215175903
13416976838469792
13416979037066391
13416979512192760
13416979957679183
13416980094012325
13416980761054112
13416981103277946
13416982813256832
13416983978875486
13416984264400795
13416989436481274
13416991533215114
13416996319321906
13416997726843692
13416998960589331
13417001341538372
13417002050725369
13417002953022162
13417006856453894
13417007964722679
13417013099229528
13417016872823802
13417019470915570
13417020678311173
13417021144026780
13417023989200273
13417028054368458
13417028680408163
13417031909431413
13417032952405220
13417033702981996
13417033986446066
13417034080295177
13417037236477219
13417037316897591
13417038051244969
13417039017073308
13417040916862755
13417043513774537
13417058559858195
13417071561733825
13417075127754030
13417075835535851
13417087621511349
13417096975131454
13417100775741011
13417101546233381
13417103389933202
13417103571125131
13417106688222338
13417108128774893
13417108890100722
13417110042493619
13417111164510548
13417111878854485
13417113363661869
13417117411841713
13417118227912394
13417118697641085
13417119237317922
13417119719058469
13417120099719758
13417125905633272
13417129534922060
13417130715832449
13417132733370503
13417134724648063
13417135005045899
13417136609895855
13417137355153385
13417139186487326
13417139229314809
13417143877941197
13417144215029630
13417146416895541
13417146894468764
13417150992343133
13417152239205439
13417156761114234
13417157135469468
13417158199032417
13417159862186194
13417160415116686
13417166417473355
13417166813561542
13417167501830485
13417170591434324
13417174157571577
13417176840920536
13417178846614263
13417181313071428
13417182885895105
13417183183927513
13417184015692921
13417194514299891
13417202761029708
13417203984238799
13417204590912096
13417212710388322
13417223660620337
13417223883908657
13417224671172916
13417225688595592
13417228444643118
13417230749493545
13417231411940924
13417231515908838
13417237693061133
13417238743704146
13417239724032898
13417242511096831
13417244378787609
13417246405083931
13417247626036319
13417256216807732
13417258545817132
13417262798406904
13417272219566284
13417272941456208
13417275479352877
13417282332769874
13417287010528797
13417287840003615
13417288913250984
13417289187490778
13417289480274554
13417291559933819
13417292950800956
13417302500001987
13417308745032261
13417309265017244
13417313957884454
13417314258704562
13417315588594544
13417325378835683
13417329938637726
13417333841524291
13417338182689321
13417340570864263
13417341925629473
13417344289911528
13417344777320582
13417349887291637
13417353675247325
13417359835822785
13417361456143649
13417362892160610
13417362899442691
13417367708440826
13417369029954802
13417375713987112
13417379184139488
13417379495426088
13417384020206389
13417394124826268
13417399900966683
13417401515269459
13417405734839390
13417408478656633
13417409210713415
13417410494680623
13417412914738461
13417413457645288
13417419885146243
13417422322592479
13417422956139591
13417426432155713
13417426791096915
13417435038728709
13417435592407240
13417439940139656
13417443297486000
13417443538984927
13417446017327905
13417446354777008
13417459154845502
13417460100172098
13417471335172312
13417473587837450
13417485222519776
13417489737718396
13417491493427007
13417495960545614
13417499246883328
13417500014217814
13417501744801859
13417508521446500
13417513667158380
13417515954385840
13417524182178166
13417528090489715
13417531869080529
13417533876474787
13417535401655658
13417548906944082
13417549340940238
13417549893104950
13417550139879575
13417556845746406
13417557191023700
13417559841454298
13417569041278991
13417575956666707
13417576362430085
13417581111457756
13417581866317214
13417582401903591
13417583819506240
13417584147561118
13417587098206040
13417589562811279
13417597745579345
13417600757391377
13417629403468230
13417638360022339
13417641296563464
13417641423440795
13417647645786671
13417653132982633
13417653194516575
13417654043555430
13417656221359700
13417658099176900
13417660215289118
13417660251531948
13417664450258614
13417665076255302
13417671173268709
13417680259476415
13417689829075831
13417690718067379
13417696965625916
13417697493919548
13417702797853499
13417710261231521
13417717935857626
13417723314360241
12828295704224788
16701793725558109
16701809638291687
16701980527450022
16702139387103098
16702169261942000
16702195635440693
16702225738206030
16702241221452450
16702309035002447
16702342561014574
16702367188807551
16702413782770496
16702434505380383
16702458997697421
16702480507481175
16702578542802976
16702709720596858
16702766564107422
16702775573591647
16702854977674496
16702892985507682
16702968941614844
16702984812718969
16703017379453447
16703059752054251
16703181044000624
16703258312585725
16703262995607874
16703304816228387
16703310022609585
16703500377209391
16703573725805120
16703714184127524
16703848477025032
12687740346966102
12687759900031417
12687793398643772
12687830295721559
12687853095840128
12687860238769878
12687912842164693
12687943712886704
12687954304411444
12688129080818678
12688152743918205
12688226522283754
12688285645458572
12688325931020960
12688356807311813
12688417634909340
12688456898360996
12688470784511978
12688496195360428
12688546233004750
12688550204806122
12688560994646640
12688684370429580
16315766280841347
16316312600118163
12816475761364931
12816726610335632
12816732204210189
12816886093594595
16286696641710892
13099348886292230
12422039497612660
12422054329353648
12422068830328627
12422080391179630
12422140401191374
12422165537542858
12422198692963293
12422218440060658
12422218601235956
12422239363827032
12422271763549867
12422306801138941
12422316941343404
12422381448247562
12422389791441211
12422390397565601
12422390686545450
12422407464713656
12422452911171118
12422504977053564
12422510720259783
12422552572224146
12422601522601552
12422717441783564
12422721502008202
12422732548089500
12422763264699749
12422785084874249
12422788208884971
12422826795759037
12422877806334171
12422961760269919
12423049821294539
12423145845292363
12423155975610615
12423162248208509
12423170702042958
12423325428799429
12423337537907468
12423371958535476
12423374674845875
12423388183238136
12423392886352461
12423451467189028
12423481315851025
12423501951887436
12423591157223998
12925978756196493
12926018624331053
12926077888452422
12926126276596477
12926222865239776
12926262061228137
12926482129195139
12926580013536456
12926894865783008
12926962302225716
12381874069716152
12382024205223168
12382276998330234
12382282738128832
12382300543276980
12382449923715077
12382469036575098
12382496626551779
12382536094684646
12382546430836765
12382566496200592
12382591833397111
12382598517403167
12382834007783786
12382834893771163
12383015304538412
15343214898430496
15343249871562228
15343255959622067
15343285659394318
15343287377680105
15343290557108689
15343290671287286
15343319821097122
15343378427947075
15343402719963499
15343467693359097
15343496791936454
15343552002052602
15343571643305698
15343573129797833
15343618723521626
15343635278031425
15343669772195599
15343690972287911
15343702586805775
15343778213860508
15343784891769300
15343806802754557
15343832667186843
15343855667674909
15343917981728267
15343966990748230
15344002524602899
15344007662482120
15344025574662751
15344029416570625
15344064680848548
15344161412165110
15344168395968827
15344273466271671
15344293245926837
15344300892933970
15344349601727022
15344352205496857
15344395349305298
15344401170042303
15344431235743829
15344449918875313
15344503485884511
15344516488897353
15344528494035464
15344553173491560
15344634235124292
15344640678082887
15344646724256034
15344668790971451
15344722149010641
15344776687833111
15344823848292660
15344827058911379
15344928200058051
15344936338627979
15345054051543486
15345134034438360
15345225771623754
15345249626930338
15345325808027440
15345396863890485
15345484350033805
15345545312081262
15345763307605558
15345799767743284
15345938504639316
15346050807705680
13058668252810399
12443641276549052
12444040401701351
12444248708555636
12444511528046418
15567099763607752
15567132729774456
15567427973100190
15567439095242680
15567448831589403
15567478939989648
15567496832760571
15567501879065173
15567504608284229
15567604084960750
15567636208443075
15567651318718014
15567688090752434
15567694318553002
15567740553232813
15567918308048376
15567970618032277
15567980045723474
15568059071676690
15568076777634741
15568129727370285
15568149093661728
15568511950838284
15568862554389367
15568929384425957
13121224802252509
13121400821839918
13122470649968011
15831428215687976
15831441736505822
12745330812254838
14921883213903476
14923380515714878
16505210966845086
16505527160641597
16505761077416251
16506550832924385
16797633773281953
16797666807247527
16797705370311009
16797751692119746
16797996841244184
16798033466189916
16798040272240407
16798059104396828
16798072514308565
16798076308609618
16798083750716802
16798143260559432
16798167032065162
16798258414805939
16798283442030737
16798284612157878
16798360210259052
16798378749692976
16798386810093278
16798422460404448
16798433487055123
16798507331636175
16798546585994113
16798566885028151
16798609230394007
16798733134340680
16798738894377196
16798782254407421
16798796500164784
16798943353548618
16798989474768768
16799008269667507
16799037341846540
16799224835389281
16799247569571211
16799298162000850
16799359798090759
16799369472201621
16799436000532511
16799841984187913
16799851529054699
16799966540363994
16800148726405870
14257903586674294
14258076675466435
14258077416988470
14258671780637390
12927465681415237
12927707841200338
12927725469098566
12520194434723796
12520369320736345
12520425894047496
12520518275310765
12520913772996454
12637882266423866
12637904461023924
12637908622259997
12638062345001509
12638125426551110
12638168774864994
12638230429392392
12638270009694467
12638273501972288
12638355277042735
12638413778788687
12638442089713753
12638472236369074
12638484094245411
12638530483923303
12638748581934511
14562607813638305
14562775090162248
12683544778382301
15217726730239922
15217739104568342
15217931846523331
15218029500383933
15218167389717952
15218327513579525
15218355634206721
15218400990156579
15218471640583031
15218879224237869
15219623734170950
15219771027739770
15219920347149035
15220220577239654
12862596526006264
12862608132020758
12862870069817117
12863129287789325
12863439611737470
12863852845132117
12863889530097118
15103944404301975
16011502576246581
16011528044102564
16011581254210713
16011583595457236
16011732788132571
16011837456505390
16012170315009233
16012460707578453
16012461008774777
16012564281151990
16012600651011405
16012675346663337
16012763641130482
16012786169403191
16013036143589474
16013627848811944
16013827975295275
14905158682843969
12062838248308632
12063139320546392
12866821195747374
12727925938309380
12727927518849806
12728112537634112
12295758247001359
14040883826754839
14041004863754553
14041015883457663
14041263608565509
12517407496136307
12517468683383492
12517483876507426
12517489384151843
12517565909425322
12517575751115148
12517577869911048
12517710598657849
12517730891415112
12517840955396992
12517871019231453
12517945751604244
12517953806762511
12518481632791463
12518560894635031
12792501440217441
12792686023052413
12792715064089278
12792759654012613
12792779879158795
12792792959107593
12792871022726735
12792872311644714
12792883962542501
12792899788501147
12792915226359502
12792976550204069
12793092266095849
12793102320517261
12793204132098859
12793227877488665
12793290290947339
12793327225659304
12793340808346037
12793430722667270
12793544914191420
12793627998892573
12793708141822465
15764401358581183
15764443436420898
15764459054727551
15764507907587226
15764514943162841
15764576106723138
15764598053245541
15764645541543287
15764680644731602
15764682670020717
15764700712227759
15764717613840437
15764736428850281
15764744132289139
15764749565428392
15764769869295998
15764819114496735
15764845779266891
15764867952428010
15764897126393697
15764911575235216
15764976445454742
15764983464665596
15765041130797870
15765061646979674
15765105995422295
15765116815801174
15765126992074909
15765203222831316
15765211967370916
15765222077402378
15765223417960837
15765232663991423
15765235002881159
15765235448292733
15765247807837274
15765255925479786
15765312381479939
15765328979525383
15765335496336767
15765373775512480
15765464265946242
15765491435816338
15765498459837627
15765543688129985
15765546905836631
15765566508461631
15765570277867780
15765572751043227
15765581070463101
15765622367081429
15765674542989081
15765675861203152
15765696173181544
15765736684592124
15765772984671024
15765783412998586
15765833965901538
15765879180945571
15765900481242602
15765905190044300
15765929261155709
15765931929328422
15765938180355659
15765940908228217
15765948121467343
15765965995851675
15766000839909545
15766069338310120
15766103820716538
15766173532345032
15766220363936708
15766227560996945
15766260492576004
15766261805990122
15766273250388882
15766287576726399
15766299813935516
15766304563189656
15766304941189930
15766348841630689
15766388668525625
15766439027500251
15766453390277247
15766462508539415
15766479842259354
15766560277215419
15766561682742893
15766642972794706
15766684680661481
15766710990544914
15766716647919714
15766738043781288
15766789265116038
15766798253539315
15766804473184593
15766817665644355
15766835805667022
14076973471596140
13145871071632673
15358802938536309
15758395701013522
16264272668543815
16470893298158879
13131651038274350
14134761630391612
15215641432257832
14418212333258897
15463442558735398
16418301852897554
16415263535888598
15281859450108821
