Bin Center	Bin Actual	Gaus Mean	Mean Error	Gaus Sigma	Sig Error	X^2/DOF
2.000000	1.913192	2.856429	0.003718	0.121112	0.002496	1.667601
3.000000	2.900529	2.727162	0.003603	0.112441	0.002781	0.826061
4.000000	3.905418	2.637964	0.003398	0.104472	0.002699	0.717797
5.000000	4.924401	2.566178	0.003382	0.097681	0.002191	1.437619
6.000000	5.931845	2.520471	0.003424	0.101870	0.002681	1.194667
7.000000	6.931019	2.468583	0.003341	0.098237	0.002542	0.983665
8.000000	7.959925	2.437049	0.003231	0.093968	0.002305	0.553376
9.000000	8.970608	2.403972	0.003159	0.090449	0.002237	0.829707
10.000000	9.977336	2.371518	0.003195	0.093551	0.002344	0.377736
11.000000	10.985818	2.349757	0.003292	0.091539	0.002277	2.443819
12.000000	11.982541	2.328735	0.003183	0.090746	0.002444	0.981344
13.000000	13.012811	2.305541	0.003392	0.094820	0.002668	1.512942
14.000000	13.984146	2.283877	0.003279	0.092823	0.002551	0.294700
15.000000	15.001951	2.272787	0.003069	0.086983	0.002368	0.393527
16.000000	15.995895	2.255928	0.003116	0.086881	0.002462	1.067323
17.000000	16.982107	2.237530	0.003314	0.091060	0.002447	1.248786
18.000000	18.004193	2.226554	0.003284	0.089290	0.002128	0.990936
19.000000	18.993879	2.218384	0.003387	0.091453	0.002537	1.066999
20.000000	20.003241	2.202537	0.003082	0.086649	0.002152	1.680816
21.000000	20.994078	2.194555	0.003200	0.089325	0.002204	0.773842
22.000000	22.017654	2.183214	0.003357	0.086263	0.002106	2.615516
23.000000	22.991190	2.175464	0.003414	0.092007	0.002627	1.223070
24.000000	23.998145	2.163798	0.003045	0.086057	0.002072	0.677503
25.000000	25.008425	2.155866	0.003337	0.091960	0.002752	0.696314
26.000000	26.009233	2.146927	0.003077	0.084103	0.002312	0.807827
27.000000	27.001912	2.137636	0.003113	0.085964	0.002447	0.955961
28.000000	27.990210	2.127194	0.003353	0.085165	0.002419	1.659936
29.000000	29.020361	2.123042	0.003153	0.085321	0.002307	0.903526
30.000000	29.997769	2.116098	0.003384	0.088643	0.002469	1.233022
31.000000	30.995132	2.109295	0.003514	0.089120	0.002404	2.977049
32.000000	31.988770	2.105487	0.003103	0.085307	0.002286	0.574268
33.000000	32.982050	2.098759	0.003276	0.088166	0.002557	1.785059
34.000000	33.992389	2.092302	0.003140	0.084420	0.002125	1.141937
35.000000	35.000700	2.091524	0.003157	0.085065	0.002087	1.789056
36.000000	36.011988	2.074833	0.003115	0.087691	0.002297	0.873122
37.000000	36.988585	2.079315	0.003104	0.084977	0.001995	2.193067
38.000000	37.993212	2.073408	0.003271	0.083639	0.002458	3.150913
39.000000	39.000818	2.066538	0.003307	0.087739	0.002431	0.820082
40.000000	40.012620	2.058030	0.003307	0.088842	0.002446	0.456789
41.000000	40.990581	2.056158	0.003312	0.088744	0.002490	0.806184
42.000000	41.991457	2.046931	0.003224	0.084473	0.002525	1.285288
43.000000	42.995662	2.040236	0.003246	0.087223	0.002686	0.656516
44.000000	43.999851	2.042145	0.003018	0.083646	0.002353	0.882799
45.000000	45.002337	2.044643	0.003068	0.077352	0.002184	2.959936
46.000000	45.990224	2.038373	0.003215	0.083499	0.002475	1.312781
47.000000	47.004620	2.034691	0.003009	0.080342	0.002181	2.141629
48.000000	48.008135	2.033447	0.003047	0.081436	0.002255	1.559397
49.000000	49.014494	2.024049	0.003314	0.089939	0.002558	0.937192
50.000000	50.006316	2.025447	0.002970	0.081949	0.001996	0.577792
51.000000	51.009688	2.013883	0.002969	0.079178	0.002039	1.120733
52.000000	51.994734	2.011105	0.003160	0.082315	0.001999	1.601050
53.000000	52.996447	2.009031	0.003109	0.082828	0.001915	1.709426
54.000000	53.996746	2.007241	0.003387	0.087075	0.002391	1.675306
55.000000	54.991852	2.006687	0.003014	0.081999	0.002196	0.323827
56.000000	56.008630	2.002446	0.003189	0.084197	0.002343	0.637382
57.000000	56.991276	2.005666	0.003032	0.081506	0.002398	1.411095
58.000000	58.016555	2.003142	0.003098	0.083531	0.002463	1.744745
59.000000	58.996082	1.992681	0.003115	0.083567	0.002339	1.141908
60.000000	60.007597	1.990850	0.003336	0.082197	0.002681	4.660487
61.000000	61.012767	1.995042	0.002933	0.079698	0.002128	1.769816
62.000000	62.007509	1.989775	0.002991	0.082548	0.002357	1.077233
63.000000	62.997806	1.988063	0.002752	0.078794	0.002124	0.825278
64.000000	63.993874	1.981364	0.003107	0.083149	0.002201	0.189753
65.000000	64.985022	1.976804	0.003331	0.083491	0.002285	1.353227
66.000000	66.006603	1.981377	0.003025	0.081146	0.002114	1.065095
67.000000	67.005809	1.973300	0.003246	0.084173	0.002734	0.993975
68.000000	68.001809	1.970828	0.003408	0.086539	0.002699	1.127934
69.000000	69.004116	1.970202	0.002990	0.082508	0.002218	0.581052
70.000000	69.998182	1.962260	0.003286	0.084166	0.002314	1.604345
71.000000	70.980450	1.972558	0.003039	0.080789	0.002340	0.996099
72.000000	72.001700	1.968724	0.003030	0.080725	0.001916	1.435147
73.000000	72.995980	1.956428	0.003016	0.079942	0.001857	3.297667
74.000000	73.993168	1.964041	0.003114	0.080499	0.002150	1.702488
75.000000	74.992989	1.958229	0.003079	0.082817	0.002276	0.777912
76.000000	75.986922	1.962533	0.002967	0.079822	0.002431	1.217400
77.000000	76.996278	1.953874	0.003107	0.082209	0.002530	1.907698
78.000000	77.993521	1.953301	0.003012	0.079325	0.001995	1.319201
79.000000	78.994064	1.950723	0.003009	0.079685	0.002041	1.604658
80.000000	80.005664	1.957645	0.002961	0.080879	0.001918	1.173030
81.000000	80.996273	1.949403	0.003130	0.081323	0.002143	1.191249
82.000000	81.999887	1.946920	0.003015	0.079945	0.002258	1.097610
83.000000	83.006097	1.942070	0.002965	0.082765	0.002221	0.465540
84.000000	83.997539	1.942283	0.003175	0.080726	0.002476	1.532206
85.000000	84.998966	1.940518	0.002869	0.079560	0.002073	0.789381
86.000000	85.984685	1.941181	0.003099	0.083326	0.002496	0.806266
87.000000	87.011620	1.939172	0.003149	0.083033	0.002288	2.377468
88.000000	87.972813	1.939800	0.003121	0.081466	0.002375	2.577404
89.000000	89.003502	1.935126	0.003202	0.084278	0.002198	0.674909
90.000000	90.008258	1.938337	0.003094	0.079227	0.002683	1.818680
91.000000	90.987577	1.932824	0.002993	0.078140	0.002292	1.643446
92.000000	91.976814	1.932705	0.003090	0.081021	0.002052	0.895271
93.000000	92.998061	1.930246	0.002959	0.079669	0.002081	1.415377
94.000000	93.990217	1.921082	0.003281	0.084876	0.002249	1.028414
95.000000	94.989497	1.924891	0.003193	0.079977	0.002604	1.844955
96.000000	96.020485	1.920553	0.003302	0.080012	0.002235	1.550323
97.000000	97.002991	1.921848	0.003385	0.079278	0.002412	1.595087
98.000000	97.992845	1.924846	0.003526	0.082967	0.002904	1.309302
99.000000	98.984759	1.916058	0.003871	0.081824	0.003232	2.933014
100.000000	100.003387	1.907433	0.003874	0.082379	0.002699	1.425377
101.000000	100.991778	1.914160	0.003677	0.080920	0.002639	0.133230
102.000000	101.986838	1.899600	0.004160	0.080776	0.002748	1.057249
103.000000	103.018962	1.911414	0.004132	0.077841	0.002911	1.242367
104.000000	103.991694	1.904211	0.004497	0.079373	0.003425	0.751656
105.000000	105.000881	1.899755	0.004584	0.073811	0.003328	3.685397
106.000000	105.984122	1.900469	0.004417	0.079299	0.003594	1.780324
107.000000	107.030937	1.895871	0.003985	0.079550	0.002743	0.692371
108.000000	108.022976	1.903089	0.003521	0.074558	0.002621	0.597580
109.000000	109.018423	1.893952	0.003997	0.082685	0.002804	1.346517
110.000000	109.993175	1.887853	0.003377	0.077763	0.002293	0.706972
111.000000	110.996458	1.892355	0.003503	0.083739	0.002546	1.563281
112.000000	111.989092	1.890747	0.003280	0.079480	0.002496	1.381506
113.000000	113.014452	1.893296	0.002967	0.076712	0.002075	1.166212
114.000000	114.015225	1.891278	0.003032	0.080077	0.002187	0.710615
115.000000	115.018100	1.891488	0.002877	0.080424	0.002161	1.748171
116.000000	115.992169	1.887100	0.002733	0.077440	0.002090	1.576267
117.000000	116.985027	1.887275	0.002748	0.078132	0.002106	0.978182
118.000000	118.013342	1.887554	0.002958	0.080986	0.002185	1.551435
119.000000	119.004192	1.884366	0.002877	0.079917	0.002115	1.313163
120.000000	119.999504	1.884495	0.003174	0.080307	0.002291	1.797992
121.000000	120.996825	1.890141	0.003206	0.077593	0.002464	1.268349
122.000000	121.985698	1.880592	0.003409	0.080399	0.002715	0.343531
123.000000	122.996943	1.885555	0.003872	0.085330	0.003059	0.909330
124.000000	123.991444	1.884475	0.003300	0.078128	0.002488	0.807511
125.000000	125.019401	1.876971	0.003316	0.077149	0.002503	0.165706
126.000000	126.002048	1.872405	0.003255	0.076769	0.002451	1.368759
127.000000	126.986070	1.876913	0.003108	0.075361	0.002286	0.844529
128.000000	128.015465	1.872265	0.003331	0.081176	0.002465	1.106976
129.000000	129.012144	1.881423	0.002789	0.072190	0.002072	1.980540
130.000000	129.994844	1.865573	0.003244	0.081954	0.002460	2.073487
131.000000	131.011530	1.872598	0.003066	0.078555	0.002318	0.394727
132.000000	131.994045	1.870722	0.003266	0.082163	0.002337	1.415664
133.000000	132.998889	1.871414	0.003295	0.084205	0.002473	1.223377
134.000000	134.016014	1.862777	0.003145	0.080414	0.002093	1.135900
135.000000	134.997675	1.867791	0.003163	0.084618	0.002467	1.169992
136.000000	136.017071	1.866833	0.003118	0.079743	0.002701	2.215089
137.000000	136.993255	1.867115	0.002943	0.077176	0.001897	1.351208
138.000000	137.993794	1.859570	0.003299	0.080153	0.002297	2.170629
139.000000	138.987109	1.863537	0.003019	0.078680	0.002138	0.879400
140.000000	140.000097	1.864195	0.003079	0.078479	0.002354	2.220476
141.000000	140.997556	1.863352	0.002941	0.077626	0.002349	0.766726
142.000000	141.998078	1.858850	0.003105	0.076236	0.002051	1.957423
143.000000	143.003474	1.862051	0.003030	0.077819	0.002089	1.618870
144.000000	143.996099	1.859990	0.003342	0.082925	0.002539	2.028208
145.000000	144.998474	1.858355	0.003132	0.079874	0.002414	1.242429
146.000000	146.001824	1.858294	0.003124	0.081305	0.002293	1.068607
147.000000	147.013519	1.856076	0.002917	0.076296	0.002228	1.152533
148.000000	148.000436	1.856421	0.003040	0.079288	0.002372	1.357783
149.000000	148.994065	1.863225	0.003007	0.079133	0.002218	1.611870
150.000000	149.996459	1.858736	0.003170	0.080583	0.002434	0.692801
151.000000	150.997891	1.849687	0.003155	0.077994	0.002108	1.767789
152.000000	151.980762	1.852060	0.002844	0.076282	0.002102	0.676850
153.000000	153.001152	1.849601	0.003095	0.081869	0.002315	0.473744
154.000000	154.019038	1.852899	0.003009	0.074741	0.002288	1.810162
155.000000	155.003244	1.852253	0.003346	0.075987	0.002052	2.906464
156.000000	155.988652	1.856057	0.002957	0.080056	0.002243	0.862777
157.000000	157.020944	1.848264	0.003185	0.078605	0.002209	1.106351
158.000000	157.998381	1.851382	0.003070	0.078308	0.002349	1.212982
159.000000	159.011064	1.845917	0.002935	0.077067	0.002161	0.549340
160.000000	160.001067	1.850717	0.003140	0.079039	0.002667	2.406399
161.000000	161.009798	1.851522	0.003031	0.077348	0.002417	0.938983
162.000000	162.001586	1.852374	0.003010	0.081279	0.002328	0.724411
163.000000	163.001952	1.848700	0.002975	0.078336	0.002346	0.633708
164.000000	164.002634	1.845066	0.002985	0.079407	0.001967	0.613119
165.000000	164.999567	1.844466	0.003176	0.080871	0.002115	1.547333
166.000000	165.996793	1.843024	0.003155	0.080190	0.002649	1.298426
167.000000	167.008617	1.845869	0.003165	0.076792	0.002080	1.440920
168.000000	168.018826	1.841904	0.003071	0.077036	0.002049	1.837172
169.000000	169.015677	1.846956	0.002991	0.076476	0.002264	1.127569
170.000000	170.004578	1.843727	0.003113	0.080504	0.002076	0.808156
171.000000	170.993308	1.834245	0.003273	0.084112	0.002442	1.304465
172.000000	171.997044	1.840879	0.002915	0.075168	0.002051	1.145988
173.000000	173.017100	1.839247	0.003048	0.078265	0.002121	1.067443
174.000000	174.007358	1.839137	0.003027	0.076706	0.001940	1.070958
175.000000	174.979533	1.839908	0.002993	0.075406	0.002104	1.014953
176.000000	175.979851	1.834633	0.003232	0.079263	0.002139	0.625011
177.000000	176.985716	1.837155	0.003127	0.079296	0.002004	0.897599
178.000000	178.004486	1.844357	0.003157	0.078940	0.002454	2.336392
179.000000	178.999900	1.842759	0.002921	0.076932	0.002334	1.373245
180.000000	180.008578	1.837263	0.003209	0.079433	0.002170	1.351738
181.000000	180.991135	1.835367	0.003157	0.081187	0.002305	1.504543
182.000000	182.011510	1.838707	0.003232	0.078757	0.002255	1.672435
183.000000	182.993726	1.838190	0.003325	0.081455	0.002504	1.875762
184.000000	183.989390	1.840216	0.003048	0.076684	0.002476	2.132493
185.000000	184.999813	1.834348	0.003070	0.080971	0.002207	1.226860
186.000000	185.991163	1.831939	0.003103	0.081342	0.002263	0.635755
187.000000	186.995667	1.833665	0.003115	0.078137	0.002149	1.284477
188.000000	187.993211	1.834886	0.003251	0.080433	0.002285	2.338006
189.000000	189.015246	1.831345	0.002886	0.077304	0.002136	0.436208
190.000000	189.987046	1.828293	0.002915	0.077132	0.002248	1.176194
191.000000	191.003604	1.834902	0.003175	0.082404	0.002578	1.871318
192.000000	191.995015	1.833814	0.003168	0.080345	0.002016	1.910546
193.000000	192.998165	1.830371	0.003404	0.080197	0.002403	2.933556
194.000000	193.989129	1.831722	0.003273	0.079665	0.002564	1.421182
195.000000	195.006971	1.832424	0.003041	0.081508	0.002469	0.506431
196.000000	196.017182	1.832496	0.003126	0.081054	0.002431	0.589891
197.000000	197.001430	1.829950	0.003039	0.079905	0.001983	0.940813
198.000000	197.994859	1.825947	0.003032	0.079554	0.002441	1.563669
199.000000	199.015353	1.823715	0.003109	0.079063	0.002138	3.064613
200.000000	199.992585	1.834541	0.003158	0.078214	0.002534	1.731833
201.000000	200.984965	1.827908	0.003011	0.078619	0.001928	0.755777
202.000000	202.000909	1.825561	0.002945	0.076414	0.002051	1.314571
203.000000	203.000544	1.824260	0.002926	0.077372	0.002036	1.557789
204.000000	204.011115	1.824946	0.003201	0.083055	0.002231	0.991572
205.000000	205.012325	1.825405	0.003317	0.081966	0.002453	0.739232
206.000000	205.996009	1.822152	0.003047	0.079580	0.002179	1.048742
207.000000	206.995736	1.826376	0.003095	0.078703	0.002520	1.512101
208.000000	208.001015	1.825889	0.003144	0.082354	0.002336	0.908350
209.000000	208.996025	1.823463	0.003069	0.077626	0.002769	2.222913
210.000000	209.998704	1.827722	0.002904	0.075950	0.001937	1.012833
211.000000	211.000352	1.823839	0.003094	0.079112	0.002266	0.572415
212.000000	211.995222	1.821175	0.003195	0.081012	0.002340	1.389288
213.000000	213.004720	1.824494	0.003117	0.079004	0.002389	1.760838
214.000000	213.992190	1.822686	0.003202	0.082833	0.002419	1.681748
215.000000	215.004612	1.818386	0.003144	0.079000	0.002130	1.476766
216.000000	216.012454	1.821191	0.003039	0.079398	0.002801	2.174543
217.000000	216.986114	1.819975	0.003065	0.079469	0.001999	1.203048
218.000000	218.003878	1.823574	0.003005	0.077131	0.002316	1.725038
219.000000	219.001099	1.821929	0.003079	0.078787	0.002191	0.937696
220.000000	220.007477	1.825284	0.003089	0.081072	0.002319	1.027619
221.000000	220.995648	1.816129	0.003001	0.080182	0.002126	0.885348
222.000000	222.003859	1.816943	0.002939	0.076578	0.002155	0.544170
223.000000	223.015847	1.819265	0.002994	0.080011	0.001961	0.953162
224.000000	224.017699	1.818923	0.002953	0.076148	0.002171	2.043894
225.000000	225.013299	1.825084	0.002984	0.079512	0.002113	0.607518
226.000000	225.993593	1.816876	0.003056	0.080319	0.002226	0.645972
227.000000	226.986596	1.815108	0.003095	0.076932	0.002263	1.488815
228.000000	227.988418	1.815544	0.003011	0.080258	0.002025	0.965882
229.000000	228.993245	1.816032	0.002941	0.077593	0.002153	1.512571
230.000000	230.001969	1.815786	0.002971	0.074547	0.002199	2.761132
231.000000	231.008940	1.817213	0.003440	0.084686	0.002772	1.028829
232.000000	231.987140	1.810936	0.003096	0.082362	0.002243	0.504932
233.000000	232.993079	1.813944	0.003136	0.082014	0.002279	0.556398
234.000000	233.993833	1.816515	0.003236	0.083264	0.002320	0.870526
235.000000	235.001476	1.809438	0.003100	0.078319	0.002020	1.434493
236.000000	235.992210	1.816352	0.003041	0.078882	0.002242	0.891137
237.000000	236.988340	1.814373	0.003139	0.078397	0.002309	0.812820
238.000000	238.000880	1.810114	0.003229	0.082739	0.002519	1.196861
239.000000	239.002743	1.814265	0.002982	0.079147	0.002301	1.651570
240.000000	240.000377	1.817080	0.002920	0.077502	0.002194	1.387498
241.000000	240.989058	1.813138	0.003485	0.083132	0.002538	2.019283
242.000000	241.992680	1.811955	0.003088	0.077990	0.002236	2.545288
243.000000	243.005140	1.814619	0.003136	0.081215	0.002447	0.717219
244.000000	243.992134	1.817030	0.003040	0.078615	0.002102	1.783230
245.000000	245.014237	1.810077	0.002961	0.077768	0.002280	0.565110
246.000000	245.996847	1.810036	0.003009	0.077075	0.002044	1.062344
247.000000	246.997161	1.812046	0.003245	0.079008	0.002580	3.055631
248.000000	247.986195	1.812384	0.003205	0.081830	0.002272	0.585782
249.000000	249.005055	1.811492	0.003016	0.079020	0.002262	0.806083
250.000000	250.008945	1.812476	0.003116	0.078704	0.002378	1.642704
251.000000	251.015682	1.812463	0.003071	0.077440	0.002006	2.139052
252.000000	252.004299	1.808923	0.003178	0.082858	0.002785	1.837362
253.000000	253.000279	1.809394	0.003209	0.080366	0.002092	4.212622
254.000000	253.994501	1.808989	0.003058	0.079195	0.002145	0.593112
255.000000	255.015908	1.813025	0.002936	0.077811	0.002018	0.784089
256.000000	255.996239	1.810571	0.003048	0.080320	0.002362	0.937534
257.000000	256.974330	1.805459	0.002907	0.076798	0.002167	0.757915
258.000000	258.016481	1.817906	0.003150	0.083139	0.002163	0.926301
259.000000	258.992550	1.814547	0.003025	0.072483	0.002217	2.941265
260.000000	259.987472	1.815533	0.003060	0.079340	0.002544	0.893449
261.000000	261.021694	1.805421	0.003046	0.078105	0.002424	0.733688
262.000000	261.995476	1.810716	0.003039	0.078383	0.002253	1.124936
263.000000	262.991719	1.816424	0.003107	0.080873	0.002423	1.051385
264.000000	263.993622	1.803937	0.003184	0.082866	0.002407	0.957976
265.000000	264.988636	1.808114	0.003263	0.080932	0.002465	1.641159
266.000000	266.008334	1.806487	0.003119	0.083363	0.002376	0.482438
267.000000	266.990902	1.809169	0.003308	0.086051	0.002796	2.580119
268.000000	267.991771	1.814519	0.003125	0.080790	0.002291	1.577797
269.000000	268.994591	1.812147	0.003152	0.083938	0.002279	0.891774
270.000000	270.014252	1.807412	0.003124	0.081066	0.002329	0.825137
271.000000	270.993543	1.813032	0.002983	0.080195	0.002267	1.224494
272.000000	272.013975	1.806164	0.003058	0.079538	0.001994	1.607326
273.000000	273.009674	1.812865	0.003016	0.077208	0.002300	1.023150
274.000000	274.000729	1.804646	0.003257	0.086572	0.002359	0.773665
275.000000	274.997482	1.813596	0.003106	0.081569	0.002446	0.489805
276.000000	275.986594	1.812453	0.003084	0.082219	0.002405	0.654503
277.000000	276.988434	1.810370	0.003225	0.083407	0.002505	1.759713
278.000000	277.997384	1.812635	0.003027	0.078863	0.002152	2.219191
279.000000	278.973930	1.808737	0.003052	0.075671	0.002083	2.679736
280.000000	279.991631	1.809021	0.003211	0.084812	0.002155	1.098080
281.000000	281.012229	1.806510	0.003254	0.083397	0.002295	1.055404
282.000000	282.004674	1.819424	0.002893	0.077227	0.002215	1.453196
283.000000	283.007407	1.811351	0.003358	0.081212	0.002493	2.579241
284.000000	283.994228	1.812963	0.003288	0.079591	0.002378	3.253579
285.000000	285.000144	1.806918	0.003111	0.082257	0.002586	1.260120
286.000000	286.017101	1.806841	0.003035	0.083506	0.002077	0.184944
287.000000	287.003720	1.809963	0.003152	0.081738	0.002290	1.673817
288.000000	288.005181	1.813883	0.003017	0.081630	0.002169	1.931026
289.000000	288.991343	1.807511	0.003097	0.080967	0.002368	0.534626
290.000000	289.985597	1.806723	0.003023	0.080831	0.002298	1.147698
291.000000	290.995168	1.811021	0.003014	0.078800	0.002159	3.040717
292.000000	292.005503	1.806248	0.003174	0.083344	0.002152	0.721333
293.000000	292.993446	1.809627	0.003021	0.079779	0.002201	2.066009
294.000000	294.008046	1.805381	0.003169	0.083602	0.002377	0.714043
295.000000	295.017474	1.808891	0.003030	0.081770	0.002432	0.428759
296.000000	295.989728	1.806340	0.003153	0.083594	0.002364	0.795237
297.000000	297.001851	1.814378	0.003043	0.080497	0.002308	1.331925
298.000000	298.004088	1.812982	0.003018	0.079888	0.002109	1.013541
299.000000	299.002723	1.810380	0.003027	0.078737	0.002497	1.210161
300.000000	299.981009	1.807043	0.003205	0.083942	0.002519	2.497484
