Bin Center	Bin Actual	Gaus Mean	Mean Error	Gaus Sigma	Sig Error	X^2/DOF
2.000000	1.907184	2.858593	0.003819	0.122950	0.002907	0.963282
3.000000	2.906800	2.727291	0.003511	0.113014	0.002485	0.540248
4.000000	3.932485	2.635675	0.003522	0.105344	0.002480	1.132539
5.000000	4.944318	2.576700	0.003518	0.104016	0.002679	1.055392
6.000000	5.940859	2.520548	0.003377	0.100249	0.002803	0.542687
7.000000	6.965093	2.474307	0.003379	0.096166	0.002223	1.054009
8.000000	7.998900	2.445258	0.003538	0.097264	0.002442	1.678623
9.000000	8.985256	2.410313	0.003348	0.098099	0.002454	0.182939
10.000000	9.991420	2.384867	0.003152	0.093678	0.002341	0.337897
11.000000	10.985725	2.354243	0.003115	0.087068	0.002222	0.242994
12.000000	12.009416	2.334563	0.003286	0.090623	0.002452	1.260594
13.000000	13.004913	2.311468	0.003066	0.085439	0.002339	0.919433
14.000000	13.987841	2.289800	0.003073	0.086910	0.002082	0.663148
15.000000	14.994472	2.276304	0.003124	0.089247	0.002213	0.529672
16.000000	15.993896	2.264269	0.003257	0.090292	0.002228	0.714191
17.000000	16.994486	2.243727	0.003348	0.091716	0.002314	0.577620
18.000000	18.014731	2.228977	0.003147	0.087232	0.002121	0.600329
19.000000	18.995404	2.223026	0.003190	0.089454	0.002285	0.400357
20.000000	19.986148	2.205205	0.003450	0.093438	0.002674	0.315133
21.000000	20.996359	2.203930	0.003113	0.086477	0.002200	0.357232
22.000000	22.001475	2.182920	0.003168	0.089223	0.002524	0.964658
23.000000	22.993233	2.177021	0.003008	0.082459	0.002172	0.564252
24.000000	24.012843	2.171812	0.003030	0.084529	0.002300	0.769401
25.000000	25.019432	2.156861	0.003239	0.087237	0.002356	1.469054
26.000000	25.993399	2.154847	0.003224	0.088248	0.002335	0.908206
27.000000	27.009386	2.141532	0.003231	0.087545	0.002327	0.647173
28.000000	27.996291	2.132530	0.003342	0.082784	0.002030	2.944386
29.000000	29.019289	2.127865	0.003048	0.082535	0.002533	1.022714
30.000000	29.994804	2.118594	0.003239	0.086066	0.002170	1.879882
31.000000	31.003093	2.118676	0.002896	0.081164	0.002138	1.182343
32.000000	31.983136	2.104135	0.003123	0.087248	0.001997	1.173479
33.000000	32.997993	2.101535	0.002971	0.083315	0.002233	0.638547
34.000000	34.009095	2.098665	0.003099	0.085179	0.001996	1.751903
35.000000	35.005483	2.090884	0.002846	0.080540	0.001983	1.061495
36.000000	35.997319	2.083710	0.003254	0.088792	0.002378	0.248383
37.000000	36.985499	2.079056	0.003078	0.082985	0.002345	0.610418
38.000000	37.991867	2.078194	0.003201	0.084737	0.002373	0.192978
39.000000	38.999751	2.068327	0.002994	0.081633	0.002373	0.642874
40.000000	39.984049	2.062476	0.003009	0.082851	0.002082	1.192599
41.000000	40.997326	2.057933	0.003262	0.084654	0.002089	1.406340
42.000000	42.003660	2.057482	0.003149	0.083641	0.002485	1.505201
43.000000	42.990729	2.048948	0.003133	0.085063	0.002323	0.383034
44.000000	44.006820	2.049061	0.003176	0.085995	0.002308	0.230339
45.000000	44.997898	2.043486	0.003152	0.083272	0.002548	1.014663
46.000000	45.991067	2.036243	0.003117	0.083444	0.002219	1.261721
47.000000	47.002810	2.031548	0.002976	0.078218	0.001991	1.647865
48.000000	47.999631	2.031684	0.003162	0.086506	0.002501	1.070546
49.000000	48.992073	2.027975	0.002961	0.082070	0.002154	0.774680
50.000000	50.010123	2.022408	0.003045	0.081423	0.002328	0.305011
51.000000	51.016907	2.024318	0.003155	0.084055	0.002348	0.675078
52.000000	51.986857	2.015352	0.002978	0.081216	0.002180	0.509351
53.000000	53.014169	2.015073	0.003148	0.084662	0.002274	0.419792
54.000000	53.974489	2.009681	0.002970	0.082725	0.002246	1.793308
55.000000	54.992924	2.005935	0.002995	0.080797	0.002107	1.225404
56.000000	55.982909	2.006927	0.003217	0.085392	0.002326	1.346949
57.000000	56.981606	2.004741	0.003102	0.080456	0.002436	1.594596
58.000000	57.993271	1.999510	0.003273	0.086100	0.002666	0.951945
59.000000	59.008286	2.000282	0.003146	0.084009	0.002389	1.363232
60.000000	59.987022	1.996533	0.003010	0.084014	0.002117	0.603704
61.000000	60.987501	1.990146	0.003094	0.083312	0.002493	0.330130
62.000000	61.999243	1.989610	0.003245	0.081230	0.002100	3.345554
63.000000	62.999614	1.988627	0.003325	0.084481	0.002711	1.799164
64.000000	64.014197	1.985340	0.002964	0.081198	0.002314	0.631785
65.000000	64.995423	1.982238	0.003043	0.080382	0.002392	1.400817
66.000000	65.981655	1.983215	0.003033	0.082035	0.002225	0.762637
67.000000	67.009335	1.982419	0.003017	0.082720	0.002227	0.633677
68.000000	68.003437	1.971088	0.003162	0.080824	0.002385	2.304908
69.000000	68.990802	1.970507	0.003073	0.080669	0.002545	2.162297
70.000000	70.005112	1.967095	0.003123	0.084335	0.002511	0.557505
71.000000	71.013553	1.964967	0.003041	0.080154	0.002021	0.755065
72.000000	72.004684	1.964264	0.003167	0.083486	0.002498	1.570686
73.000000	72.996635	1.962141	0.003018	0.083966	0.002308	0.954382
74.000000	74.001696	1.962020	0.002890	0.078777	0.002085	1.828839
75.000000	74.998955	1.955941	0.003322	0.088067	0.002578	1.607471
76.000000	75.999196	1.960095	0.002840	0.075083	0.002484	3.293393
77.000000	76.971802	1.956459	0.003044	0.081797	0.002409	0.814510
78.000000	78.019426	1.951117	0.003198	0.081237	0.001983	1.969190
79.000000	78.996858	1.952751	0.003146	0.083103	0.002468	1.357472
80.000000	79.990503	1.948762	0.003108	0.083131	0.002145	0.597950
81.000000	80.987796	1.950301	0.002974	0.081403	0.002105	0.667337
82.000000	82.012731	1.950811	0.003053	0.084222	0.002214	0.372846
83.000000	83.012279	1.944338	0.003133	0.082515	0.002283	1.263247
84.000000	83.996321	1.935292	0.002952	0.081731	0.002356	1.104204
85.000000	85.006513	1.943456	0.003035	0.080220	0.002088	0.818543
86.000000	85.993644	1.934936	0.003123	0.081646	0.002281	0.444289
87.000000	87.007362	1.933035	0.003174	0.083227	0.002267	0.607212
88.000000	87.996254	1.940803	0.003132	0.082565	0.002440	0.712429
89.000000	89.006847	1.937267	0.003144	0.076816	0.002256	2.469688
90.000000	90.007499	1.934094	0.002985	0.080395	0.002196	1.321775
91.000000	91.002504	1.930989	0.003272	0.082139	0.002156	1.753257
92.000000	92.009552	1.933321	0.003120	0.081710	0.002692	1.495043
93.000000	92.995354	1.927812	0.003056	0.082685	0.002278	0.978248
94.000000	93.996851	1.922822	0.003028	0.080139	0.002303	1.111560
95.000000	95.015675	1.922949	0.003317	0.081120	0.002315	1.524384
96.000000	95.987935	1.914296	0.003098	0.077181	0.002061	1.764633
97.000000	96.997503	1.919651	0.003094	0.077648	0.002304	0.736023
98.000000	98.010974	1.915519	0.003277	0.077268	0.002230	0.665008
99.000000	98.986045	1.914002	0.003538	0.075499	0.002426	2.527968
100.000000	99.993900	1.915303	0.003468	0.075238	0.003074	1.809447
101.000000	100.977444	1.905832	0.003935	0.085744	0.002729	2.164005
102.000000	102.008824	1.911876	0.003588	0.077633	0.002668	1.043528
103.000000	102.974793	1.911795	0.004177	0.082496	0.003227	1.106909
104.000000	103.961387	1.893922	0.004371	0.083308	0.003536	1.514545
105.000000	105.008384	1.896073	0.004325	0.080964	0.002941	0.822550
106.000000	106.003072	1.898313	0.004191	0.081705	0.003175	1.489421
107.000000	107.020662	1.896634	0.004413	0.084304	0.003621	0.721181
108.000000	108.011786	1.902577	0.004007	0.077354	0.003227	2.174918
109.000000	109.013285	1.888694	0.003746	0.078377	0.002688	0.986584
110.000000	109.994201	1.894124	0.003687	0.081639	0.002884	0.278415
111.000000	111.003098	1.881168	0.003216	0.078707	0.002254	0.380086
112.000000	111.993037	1.885712	0.003265	0.082135	0.002507	0.487783
113.000000	113.007791	1.888950	0.003130	0.078472	0.002187	2.122989
114.000000	114.009406	1.883197	0.002949	0.079434	0.002441	1.163570
115.000000	114.995523	1.884503	0.002919	0.079185	0.002263	0.980889
116.000000	115.994821	1.881713	0.002944	0.081769	0.002270	0.813116
117.000000	117.015944	1.881743	0.002830	0.077533	0.002107	0.843446
118.000000	118.014008	1.879819	0.002794	0.076451	0.001972	1.570808
119.000000	119.004464	1.881048	0.003175	0.080926	0.002288	1.388135
120.000000	120.002460	1.883019	0.003189	0.083029	0.002446	0.618565
121.000000	120.994872	1.881808	0.003325	0.082103	0.002327	1.138838
122.000000	121.981646	1.882175	0.003356	0.077332	0.002466	1.510168
123.000000	123.015673	1.873752	0.003424	0.083098	0.002338	1.688686
124.000000	123.988267	1.877426	0.003227	0.078538	0.002512	0.911304
125.000000	124.999594	1.871807	0.003396	0.077939	0.002195	2.217678
126.000000	126.014438	1.867778	0.003703	0.081404	0.002694	2.732690
127.000000	126.985309	1.874750	0.003118	0.076535	0.002358	1.989351
128.000000	128.005053	1.874940	0.003377	0.082988	0.002601	1.074247
129.000000	129.004649	1.874773	0.003186	0.080331	0.002365	1.660105
130.000000	129.997786	1.872792	0.003364	0.083177	0.002523	1.539628
131.000000	130.989470	1.867002	0.003096	0.078713	0.002104	0.402347
132.000000	131.989097	1.868394	0.003182	0.079430	0.002543	1.269378
133.000000	133.024381	1.866669	0.003301	0.081654	0.002534	1.056162
134.000000	134.007495	1.867227	0.003207	0.079420	0.002496	2.229206
135.000000	135.000062	1.866246	0.003151	0.081264	0.002667	0.969186
136.000000	136.005754	1.866043	0.003140	0.079702	0.002454	1.243956
137.000000	136.990264	1.866040	0.003377	0.086074	0.002639	1.343543
138.000000	138.009788	1.862906	0.003343	0.084010	0.002616	1.208763
139.000000	138.989259	1.856321	0.003018	0.081193	0.002107	0.614441
140.000000	140.010273	1.861199	0.003184	0.081408	0.002417	1.041675
141.000000	140.978343	1.861133	0.003117	0.075269	0.002200	2.411053
142.000000	142.014027	1.857160	0.003100	0.080923	0.002223	1.369310
143.000000	143.002057	1.852996	0.003166	0.080334	0.002526	1.320679
144.000000	143.997249	1.857683	0.002927	0.073671	0.002450	2.463941
145.000000	145.005802	1.852406	0.003273	0.077838	0.002491	2.286170
146.000000	146.003099	1.858659	0.003156	0.079788	0.002378	1.771227
147.000000	147.007944	1.853524	0.003126	0.075943	0.002251	1.385976
148.000000	147.989556	1.849528	0.003255	0.084358	0.002393	0.564194
149.000000	149.006317	1.854104	0.002982	0.077603	0.002318	0.406602
150.000000	150.006802	1.847194	0.003163	0.080019	0.002061	1.682152
151.000000	150.983380	1.846952	0.003006	0.080288	0.002496	1.547947
152.000000	151.997199	1.848128	0.003178	0.079830	0.002461	2.499356
153.000000	152.991181	1.849797	0.003224	0.082136	0.002359	0.278667
154.000000	153.991278	1.848748	0.003119	0.082500	0.002421	1.052181
155.000000	155.006401	1.845518	0.003331	0.081070	0.002511	2.154541
156.000000	156.008374	1.847308	0.003147	0.079292	0.002270	0.229941
157.000000	157.004189	1.847014	0.002916	0.075267	0.002102	0.203188
158.000000	157.998205	1.841976	0.003189	0.080859	0.002250	0.993875
159.000000	159.010417	1.851395	0.002932	0.077058	0.002070	0.252530
160.000000	160.000240	1.844842	0.003315	0.083335	0.002322	2.294564
161.000000	161.001843	1.841427	0.003042	0.078408	0.002504	1.893328
162.000000	162.011068	1.836213	0.003309	0.079137	0.002264	1.655452
163.000000	163.001375	1.840814	0.003094	0.078774	0.002213	1.424412
164.000000	164.004718	1.840969	0.003249	0.081521	0.002303	2.673953
165.000000	165.013965	1.840930	0.003282	0.082060	0.002408	1.079914
166.000000	165.983176	1.842136	0.003146	0.081016	0.002289	1.291094
167.000000	166.990838	1.842941	0.003157	0.079409	0.002376	0.795431
168.000000	167.985922	1.840608	0.003582	0.082570	0.002736	2.519585
169.000000	169.005194	1.838870	0.003338	0.084126	0.002782	1.567171
170.000000	170.011401	1.837756	0.003115	0.077289	0.002017	1.332778
171.000000	170.986725	1.836556	0.003014	0.075755	0.002497	1.829091
172.000000	172.012961	1.831344	0.003421	0.080579	0.002303	2.816378
173.000000	172.986767	1.832281	0.002949	0.077493	0.001895	0.818084
174.000000	173.990494	1.836273	0.003279	0.084526	0.002499	1.672229
175.000000	175.004049	1.833529	0.003094	0.078735	0.002101	0.891755
176.000000	176.012592	1.829437	0.003136	0.083697	0.002666	1.166249
177.000000	177.002363	1.831290	0.003156	0.083044	0.002382	0.448196
178.000000	177.995942	1.828394	0.003005	0.075900	0.002342	1.274454
179.000000	178.990240	1.835512	0.003321	0.081014	0.002581	1.175698
180.000000	180.017767	1.833613	0.002857	0.075229	0.002247	2.185780
181.000000	180.990794	1.825553	0.003141	0.080004	0.002527	0.899326
182.000000	182.008665	1.830625	0.002833	0.076862	0.002078	0.373306
183.000000	183.025626	1.827296	0.002927	0.077141	0.002107	1.062331
184.000000	184.007313	1.823348	0.002930	0.075870	0.002059	0.375271
185.000000	184.992269	1.825596	0.003095	0.079107	0.002361	1.376581
186.000000	185.997837	1.827944	0.003050	0.075604	0.002212	1.825640
187.000000	186.994560	1.824987	0.002937	0.077302	0.002199	0.623376
188.000000	188.005477	1.823912	0.003030	0.078902	0.002148	1.434576
189.000000	189.009880	1.826160	0.003264	0.083218	0.002419	0.471673
190.000000	189.989612	1.828943	0.003019	0.075952	0.002631	1.869418
191.000000	191.010803	1.827843	0.003124	0.080394	0.001869	1.906536
192.000000	192.000505	1.820093	0.002947	0.075519	0.002237	1.211476
193.000000	193.017215	1.829042	0.002954	0.077715	0.002461	0.774313
194.000000	194.004094	1.824554	0.003276	0.082174	0.002694	1.350317
195.000000	194.991359	1.813888	0.003399	0.084946	0.002267	2.547757
196.000000	196.001878	1.814402	0.003018	0.079231	0.002363	0.749712
197.000000	196.997840	1.821757	0.003112	0.077558	0.002150	1.483264
198.000000	198.005229	1.822379	0.003124	0.079758	0.002436	1.149730
199.000000	198.997559	1.823309	0.003148	0.081002	0.002482	0.841759
200.000000	199.998292	1.814746	0.003350	0.081985	0.002375	2.458176
201.000000	200.996801	1.825524	0.003256	0.081084	0.002261	1.242116
202.000000	201.994932	1.823907	0.003138	0.079906	0.002225	2.244316
203.000000	203.017364	1.815904	0.003105	0.080950	0.002264	0.510715
204.000000	204.006071	1.818916	0.003027	0.076319	0.002071	1.845053
205.000000	204.992067	1.817526	0.003069	0.077408	0.002048	2.081874
206.000000	206.009253	1.817992	0.003001	0.078335	0.002210	1.153763
207.000000	207.003910	1.815279	0.003057	0.078272	0.002278	1.421211
208.000000	207.991575	1.816469	0.003265	0.082323	0.002589	1.424860
209.000000	209.003530	1.814511	0.003048	0.078771	0.002220	0.614704
210.000000	210.020444	1.815063	0.003260	0.081903	0.002511	0.967889
211.000000	211.014087	1.819414	0.002912	0.077942	0.002199	0.598694
212.000000	211.986633	1.811391	0.003107	0.075356	0.002010	3.761574
213.000000	213.003341	1.812276	0.003155	0.081379	0.002476	1.449445
214.000000	214.004154	1.812872	0.003099	0.079407	0.002263	0.726803
215.000000	215.010574	1.811683	0.003246	0.078550	0.002341	2.597895
216.000000	215.984439	1.813234	0.003206	0.080129	0.002335	2.903837
217.000000	217.006960	1.812736	0.002998	0.079323	0.002175	0.647801
218.000000	217.987944	1.816174	0.003181	0.079640	0.002308	1.052051
219.000000	219.005863	1.808810	0.003070	0.077940	0.002150	2.041366
220.000000	219.985450	1.812511	0.003050	0.078805	0.002249	0.610683
221.000000	220.993366	1.810223	0.003215	0.083529	0.002445	0.439583
222.000000	222.004343	1.804284	0.003044	0.079266	0.002195	2.485559
223.000000	222.997692	1.815841	0.003021	0.079084	0.002322	0.793296
224.000000	223.989577	1.807231	0.003122	0.081800	0.002309	0.378880
225.000000	224.993845	1.812052	0.003099	0.080983	0.002391	1.253694
226.000000	225.991220	1.812531	0.003121	0.080821	0.002439	0.290598
227.000000	227.002589	1.810752	0.003023	0.078771	0.002368	0.994426
228.000000	227.985237	1.812775	0.003117	0.080555	0.002462	1.248803
229.000000	229.017183	1.810382	0.003036	0.078455	0.002111	1.003015
230.000000	229.973167	1.808887	0.003179	0.078634	0.002437	3.274475
231.000000	230.997428	1.807696	0.003188	0.078631	0.002208	1.665535
232.000000	231.997125	1.802555	0.003273	0.081758	0.002523	0.749486
233.000000	232.999553	1.806807	0.003007	0.080900	0.002459	1.164374
234.000000	233.995286	1.800696	0.003218	0.081886	0.002457	0.335768
235.000000	235.009567	1.804953	0.003370	0.082913	0.002373	1.265461
236.000000	235.992190	1.803078	0.003127	0.083254	0.002205	0.533381
237.000000	236.997328	1.811414	0.002983	0.077410	0.002191	2.195808
238.000000	238.006685	1.802061	0.003016	0.078117	0.002249	0.727700
239.000000	239.011683	1.802688	0.003244	0.083000	0.002185	0.944260
240.000000	240.007310	1.804869	0.003166	0.083113	0.002181	1.078093
241.000000	240.976494	1.797462	0.003228	0.081301	0.002056	3.322126
242.000000	241.997830	1.804153	0.003214	0.082185	0.002454	0.791669
243.000000	243.019727	1.805028	0.003235	0.082812	0.002183	0.842440
244.000000	243.986125	1.807589	0.003062	0.079173	0.002203	2.301606
245.000000	244.991343	1.803693	0.003154	0.083500	0.002294	1.932590
246.000000	246.014544	1.800615	0.003138	0.081573	0.002329	0.805323
247.000000	246.994737	1.804033	0.003218	0.083144	0.002535	1.428440
248.000000	247.995756	1.808657	0.002921	0.076540	0.002175	0.986206
249.000000	249.003934	1.801669	0.003230	0.081922	0.002303	1.426564
250.000000	249.998980	1.800021	0.003251	0.081589	0.002302	2.048626
251.000000	251.004305	1.805346	0.003015	0.081546	0.002192	1.640324
252.000000	251.998159	1.800340	0.003228	0.082846	0.002385	1.767693
253.000000	252.985964	1.803109	0.003069	0.077631	0.002279	1.595809
254.000000	254.001471	1.804159	0.003196	0.082619	0.002356	1.546648
255.000000	255.004289	1.803698	0.003052	0.082448	0.002292	0.602269
256.000000	256.002307	1.802176	0.003009	0.077380	0.002406	0.958485
257.000000	257.001959	1.803363	0.003106	0.081111	0.002318	0.736174
258.000000	257.991470	1.800051	0.003423	0.078561	0.002182	3.055712
259.000000	258.997151	1.798035	0.002914	0.077577	0.002313	0.916869
260.000000	260.027928	1.801534	0.003206	0.078774	0.002641	1.862338
261.000000	260.992417	1.798384	0.003066	0.079743	0.002157	1.722662
262.000000	261.999988	1.797539	0.002929	0.077437	0.002074	0.398858
263.000000	263.000302	1.792640	0.003339	0.086653	0.002694	1.299009
264.000000	263.983592	1.794910	0.002953	0.076846	0.001953	1.330138
265.000000	264.997039	1.794922	0.002971	0.076666	0.002153	1.115936
266.000000	265.998762	1.800401	0.003302	0.085458	0.002413	0.225252
267.000000	267.022727	1.798214	0.003235	0.083705	0.002179	1.077558
268.000000	268.003017	1.800233	0.002993	0.080615	0.002150	0.393197
269.000000	268.970178	1.802196	0.003176	0.081726	0.002405	0.716103
270.000000	270.028017	1.808951	0.003234	0.081705	0.002667	2.522879
271.000000	271.002089	1.802356	0.003178	0.076656	0.002067	3.360577
272.000000	271.992847	1.796562	0.003217	0.083338	0.002174	0.504753
273.000000	272.985742	1.796212	0.003145	0.078911	0.001965	1.759683
274.000000	274.008644	1.795596	0.002969	0.076048	0.002169	1.407985
275.000000	275.007500	1.798905	0.003205	0.079326	0.002505	1.888822
276.000000	275.982024	1.798535	0.003227	0.082957	0.002492	0.857938
277.000000	277.004001	1.801239	0.003116	0.080923	0.002332	0.912404
278.000000	277.994833	1.797780	0.003044	0.080596	0.002371	0.464987
279.000000	279.016574	1.798259	0.003294	0.081983	0.002350	2.182456
280.000000	279.992384	1.800461	0.002967	0.077054	0.002028	0.885406
281.000000	281.004949	1.796794	0.003147	0.084059	0.002430	0.960254
282.000000	281.995084	1.794447	0.003177	0.083315	0.002347	0.698895
283.000000	283.012332	1.803858	0.003218	0.084297	0.002254	0.819043
284.000000	284.002919	1.798265	0.003258	0.085319	0.002098	0.995627
285.000000	284.981467	1.794835	0.003297	0.083481	0.002838	2.112495
286.000000	286.006779	1.791339	0.003108	0.082041	0.002235	0.677604
287.000000	286.983654	1.796924	0.003383	0.084085	0.002521	1.142749
288.000000	287.988557	1.794650	0.003171	0.083342	0.002460	1.443530
289.000000	289.003255	1.793234	0.003194	0.081546	0.002209	1.087068
290.000000	290.008168	1.800527	0.003058	0.079189	0.002489	1.520116
291.000000	291.003988	1.797467	0.003113	0.081196	0.002454	1.916906
292.000000	292.007161	1.795779	0.002942	0.079966	0.002327	0.678364
293.000000	293.007863	1.796668	0.002970	0.078966	0.002121	0.773588
294.000000	293.982556	1.796681	0.003047	0.077640	0.002158	1.661612
295.000000	295.014328	1.795968	0.003306	0.083525	0.002510	1.265251
296.000000	295.995001	1.797709	0.003285	0.081429	0.002180	1.257510
297.000000	296.988099	1.798632	0.003125	0.077025	0.002113	2.254508
298.000000	297.972654	1.791646	0.003119	0.084509	0.002421	0.941689
299.000000	298.988318	1.792885	0.003244	0.084775	0.002499	0.954294
300.000000	300.010810	1.800833	0.003188	0.079532	0.002347	1.440500
