Bin Center	Bin Actual	Gaus Mean	Mean Error	Gaus Sigma	Sig Error	X^2/DOF
2.000000	2.141722	2.440711	0.004455	0.205456	0.003059	3.369091
3.000000	3.183529	2.339739	0.004166	0.189872	0.003027	3.860509
4.000000	4.140020	2.282183	0.004235	0.162351	0.002576	6.056084
5.000000	5.056287	2.251360	0.004010	0.164773	0.002883	3.155960
6.000000	5.974303	2.220642	0.003829	0.154645	0.002656	3.145434
7.000000	6.937334	2.194749	0.003394	0.147829	0.002610	1.793952
8.000000	7.933040	2.171193	0.003466	0.144400	0.002518	2.696994
9.000000	8.964275	2.145483	0.003275	0.126963	0.002200	5.384861
10.000000	9.994780	2.133784	0.003034	0.122841	0.002077	3.785359
11.000000	11.006753	2.114269	0.002999	0.123035	0.002276	2.532416
12.000000	12.003871	2.096801	0.003005	0.113828	0.002372	5.029203
13.000000	13.003369	2.077073	0.002890	0.114389	0.001876	3.516624
14.000000	14.000688	2.060876	0.002843	0.110059	0.001956	3.408772
15.000000	14.993897	2.053216	0.002690	0.103813	0.002069	3.850645
16.000000	16.007692	2.039822	0.002675	0.103460	0.001965	2.069846
17.000000	17.018120	2.023124	0.002611	0.099138	0.001716	4.616413
18.000000	18.002384	2.010510	0.002701	0.097967	0.001745	3.813413
19.000000	18.991564	2.004964	0.002504	0.099507	0.001919	2.068529
20.000000	19.998093	1.990926	0.002473	0.096163	0.001782	2.328719
21.000000	21.001020	1.983834	0.002529	0.093315	0.001805	4.217193
22.000000	21.999749	1.973351	0.002500	0.091666	0.001594	3.985356
23.000000	23.001569	1.968505	0.002431	0.094351	0.001937	1.866665
24.000000	24.007649	1.958392	0.002501	0.095827	0.001965	2.467243
25.000000	24.994615	1.946425	0.002432	0.090622	0.001643	3.022575
26.000000	26.002199	1.936549	0.002478	0.084579	0.001451	6.310669
27.000000	27.008862	1.927054	0.002492	0.087505	0.001512	5.751030
28.000000	27.996866	1.924404	0.002417	0.087086	0.001533	3.436355
29.000000	28.998171	1.918760	0.002316	0.086196	0.001570	3.145540
30.000000	30.000301	1.910563	0.002382	0.084885	0.001636	4.338743
31.000000	30.987390	1.902939	0.002180	0.082591	0.001507	2.566807
32.000000	31.999442	1.894489	0.002187	0.083660	0.001550	1.150293
33.000000	32.999679	1.890459	0.002178	0.080975	0.001560	2.861564
34.000000	33.994344	1.881824	0.002150	0.080174	0.001361	2.848175
35.000000	34.990888	1.876091	0.002413	0.081762	0.001595	4.495800
36.000000	36.011537	1.871953	0.002236	0.079092	0.001582	3.610190
37.000000	37.003545	1.865079	0.002117	0.077279	0.001531	2.321770
38.000000	37.991371	1.860392	0.002074	0.077196	0.001545	2.526532
39.000000	38.990406	1.848266	0.002096	0.077638	0.001517	3.142931
40.000000	39.993261	1.848646	0.002174	0.075539	0.001388	5.256113
41.000000	40.997327	1.843340	0.002087	0.074862	0.001557	4.303840
42.000000	42.006206	1.835384	0.002006	0.075516	0.001641	1.811470
43.000000	42.995657	1.837296	0.002043	0.072239	0.001344	4.647254
44.000000	44.009643	1.828757	0.002064	0.075713	0.001540	2.349930
45.000000	44.991848	1.823805	0.001939	0.072746	0.001371	1.610349
46.000000	45.993440	1.819930	0.002007	0.072131	0.001407	3.215796
47.000000	47.005755	1.810493	0.002126	0.073979	0.001539	3.637553
48.000000	48.004049	1.811706	0.002033	0.072813	0.001308	3.255306
49.000000	49.009793	1.804397	0.001984	0.066770	0.001181	5.968534
50.000000	50.002821	1.799264	0.001916	0.067351	0.001153	4.267716
51.000000	50.989315	1.797964	0.001967	0.071003	0.001274	3.534787
52.000000	51.991899	1.792294	0.001872	0.069569	0.001294	1.422030
53.000000	52.993227	1.785707	0.001974	0.071233	0.001501	3.349661
54.000000	54.005091	1.783786	0.001846	0.068341	0.001370	1.252967
55.000000	54.989279	1.783207	0.001862	0.069231	0.001248	1.712866
56.000000	55.998477	1.773491	0.001915	0.069687	0.001362	3.532672
57.000000	56.995949	1.770342	0.001944	0.068725	0.001331	3.153485
58.000000	58.014297	1.770025	0.001895	0.069496	0.001383	2.369530
59.000000	59.004815	1.762852	0.002017	0.069358	0.001305	5.920214
60.000000	60.009617	1.764192	0.001908	0.068402	0.001461	2.884441
61.000000	61.008022	1.755331	0.001959	0.064133	0.001098	7.106356
62.000000	62.000541	1.753381	0.001797	0.066536	0.001412	1.977283
63.000000	62.988536	1.749427	0.002014	0.064688	0.001218	6.081679
64.000000	63.993729	1.748373	0.001764	0.065740	0.001283	0.974158
65.000000	65.000521	1.742593	0.001761	0.064878	0.001358	2.643984
66.000000	66.006534	1.736374	0.001808	0.065111	0.001278	3.746822
67.000000	66.990058	1.735538	0.001843	0.067107	0.001435	1.951691
68.000000	67.999604	1.733325	0.001888	0.066963	0.001281	3.640934
69.000000	69.015246	1.727790	0.001955	0.065027	0.001338	5.907269
70.000000	70.008032	1.728453	0.001854	0.064089	0.001252	3.925144
71.000000	71.007619	1.723955	0.001859	0.067411	0.001423	1.447805
72.000000	72.004703	1.721460	0.001803	0.063587	0.001270	2.003273
73.000000	72.992847	1.718497	0.001840	0.063793	0.001320	3.676103
74.000000	73.987465	1.713794	0.001928	0.064716	0.001282	6.397253
75.000000	74.997728	1.708651	0.001978	0.062635	0.001150	8.062718
76.000000	75.992255	1.713854	0.001760	0.061871	0.001282	2.743520
77.000000	77.006959	1.704919	0.001769	0.060899	0.001114	4.102722
78.000000	78.004486	1.703544	0.001752	0.059636	0.001059	5.447598
79.000000	78.982843	1.698806	0.001905	0.064910	0.001447	3.540130
80.000000	80.002397	1.695327	0.001812	0.062168	0.001123	3.244218
81.000000	80.992697	1.691432	0.001734	0.061646	0.001296	2.477047
82.000000	82.006702	1.694488	0.001825	0.064283	0.001175	2.730975
83.000000	82.990752	1.689608	0.001738	0.063880	0.001280	0.552684
84.000000	84.001167	1.687385	0.001794	0.061603	0.001374	4.689793
85.000000	84.996393	1.683702	0.001737	0.062699	0.001174	1.027160
86.000000	86.003864	1.684229	0.001679	0.062622	0.001144	0.666046
87.000000	87.005582	1.676333	0.001785	0.061067	0.001189	2.562010
88.000000	87.994879	1.676387	0.001644	0.059558	0.001153	1.727400
89.000000	89.000956	1.676209	0.001651	0.060552	0.001135	1.995743
90.000000	90.012049	1.669684	0.001757	0.060403	0.001239	3.206283
91.000000	90.990286	1.669944	0.001732	0.060411	0.001251	3.389212
92.000000	91.996770	1.665094	0.001673	0.060667	0.001154	0.958027
93.000000	93.001706	1.663719	0.001725	0.060937	0.001253	3.019978
94.000000	93.996187	1.662440	0.001704	0.060082	0.001298	1.964867
95.000000	95.004270	1.658855	0.001644	0.060892	0.001257	2.635244
96.000000	96.011577	1.655948	0.001644	0.059989	0.001224	1.183098
97.000000	97.003413	1.653530	0.001692	0.057507	0.001100	3.169152
98.000000	98.009233	1.649556	0.001709	0.062751	0.001237	0.730349
99.000000	99.003963	1.650077	0.001695	0.059245	0.001306	1.948535
100.000000	100.004931	1.646300	0.001826	0.058987	0.001087	5.654928
101.000000	100.999395	1.641988	0.001662	0.057472	0.001094	4.405327
102.000000	101.986339	1.642899	0.001710	0.057946	0.001270	3.292064
103.000000	103.017253	1.641288	0.001760	0.060677	0.001439	3.360213
104.000000	103.986384	1.638904	0.001742	0.062525	0.001201	1.435207
105.000000	104.996223	1.633930	0.001797	0.060116	0.001183	2.060121
106.000000	106.009606	1.635456	0.001676	0.058018	0.001157	0.684400
107.000000	107.006160	1.631873	0.001700	0.057976	0.001306	1.574563
108.000000	107.991897	1.627106	0.001734	0.059018	0.001317	1.738502
109.000000	109.000209	1.628864	0.001843	0.059550	0.001349	1.090357
110.000000	109.997594	1.626721	0.001800	0.059278	0.001300	1.283660
111.000000	111.001893	1.620279	0.001789	0.059411	0.001342	0.741900
112.000000	112.013061	1.616877	0.001827	0.058388	0.001251	1.783360
113.000000	112.991725	1.617256	0.002127	0.057644	0.001365	6.470946
114.000000	113.992918	1.614240	0.001965	0.058665	0.001454	3.628601
115.000000	115.012640	1.607401	0.002132	0.058342	0.001448	4.476027
116.000000	115.992881	1.611077	0.001998	0.058275	0.001339	2.356296
117.000000	116.998222	1.605708	0.002011	0.054706	0.001413	3.405482
118.000000	118.021361	1.606469	0.002072	0.060705	0.001512	0.217471
119.000000	119.002648	1.605648	0.002036	0.058062	0.001295	1.745138
120.000000	120.002372	1.602851	0.002047	0.057679	0.001465	2.002151
121.000000	120.981341	1.598764	0.002035	0.059387	0.001470	2.130133
122.000000	121.999402	1.596003	0.001905	0.056302	0.001359	1.064621
123.000000	122.996674	1.596165	0.001927	0.055585	0.001462	3.246057
124.000000	123.992120	1.591465	0.001833	0.055260	0.001513	3.939827
125.000000	125.006391	1.590846	0.001776	0.055766	0.001382	1.440873
126.000000	126.006254	1.588773	0.001789	0.056238	0.001190	1.851876
127.000000	127.001763	1.588121	0.001823	0.057337	0.001385	2.291411
128.000000	128.008507	1.584157	0.001740	0.056237	0.001155	2.062906
129.000000	128.998681	1.584631	0.001818	0.059417	0.001495	2.319668
130.000000	130.012724	1.581544	0.001778	0.057035	0.001362	1.247324
131.000000	130.999860	1.575064	0.001776	0.057922	0.001278	1.925389
132.000000	132.004711	1.574612	0.001758	0.059929	0.001302	0.187781
133.000000	132.993050	1.571735	0.001655	0.057447	0.001133	0.504943
134.000000	134.002417	1.571298	0.001650	0.056397	0.001127	2.441462
135.000000	135.009128	1.566287	0.001650	0.056948	0.001097	1.419089
136.000000	136.001334	1.566134	0.001676	0.056927	0.001225	1.314831
137.000000	136.987571	1.570233	0.001659	0.056890	0.001252	0.786178
138.000000	137.990447	1.565707	0.001671	0.055509	0.001182	3.006234
139.000000	138.984030	1.561061	0.001657	0.056920	0.001320	2.192822
140.000000	139.999341	1.560983	0.001646	0.055128	0.001356	2.891340
141.000000	141.000437	1.558220	0.001653	0.056495	0.001276	0.677546
142.000000	142.011382	1.559090	0.001699	0.056518	0.001194	2.080320
143.000000	142.988997	1.560039	0.001731	0.058412	0.001291	2.365173
144.000000	143.997293	1.553935	0.001702	0.054943	0.001112	5.501434
145.000000	144.990942	1.553843	0.001711	0.056604	0.001195	3.403369
146.000000	145.991517	1.552597	0.001715	0.056903	0.001250	2.845314
147.000000	146.993774	1.550270	0.001637	0.056394	0.001272	1.284746
148.000000	148.012377	1.549357	0.001714	0.056708	0.001360	1.803465
149.000000	149.002185	1.546458	0.001712	0.055549	0.001148	2.814499
150.000000	150.002771	1.545818	0.001687	0.054667	0.001041	3.666345
151.000000	151.006024	1.545115	0.001669	0.056356	0.001123	1.104969
152.000000	152.002759	1.545303	0.001656	0.056037	0.001105	0.730465
153.000000	152.998991	1.538790	0.001656	0.055693	0.001165	1.460783
154.000000	154.002858	1.539220	0.001749	0.056066	0.001379	4.986355
155.000000	155.007240	1.534712	0.001679	0.054889	0.001060	2.016488
156.000000	155.999474	1.537667	0.001653	0.054017	0.001027	2.497404
157.000000	156.999413	1.532385	0.001679	0.055945	0.001081	3.009330
158.000000	157.989373	1.533695	0.001651	0.054646	0.001191	0.651376
159.000000	158.995916	1.529743	0.001639	0.055668	0.001322	1.103659
160.000000	160.010435	1.527354	0.001634	0.055782	0.001075	1.611995
161.000000	160.993205	1.529362	0.001673	0.055812	0.001260	0.487529
162.000000	162.000378	1.528912	0.001631	0.056948	0.001115	0.701179
163.000000	163.008847	1.524575	0.001698	0.052806	0.001224	5.418888
164.000000	163.996446	1.525255	0.001719	0.056519	0.001078	1.652931
165.000000	165.002141	1.524707	0.001694	0.056901	0.001211	0.633658
166.000000	165.997371	1.525826	0.001696	0.057462	0.001294	2.171607
167.000000	167.005084	1.519200	0.001732	0.057147	0.001305	1.119199
168.000000	167.999715	1.520004	0.001721	0.055777	0.001213	4.929906
169.000000	168.988383	1.514397	0.001711	0.057645	0.001211	1.021085
170.000000	169.995856	1.517523	0.001669	0.056563	0.001193	0.499636
171.000000	170.995026	1.516871	0.001632	0.054398	0.001038	2.129687
172.000000	171.990471	1.513452	0.001657	0.057007	0.001204	0.510670
173.000000	172.993249	1.510096	0.001542	0.052967	0.001080	1.527463
174.000000	174.009863	1.507874	0.001720	0.056348	0.001253	3.059970
175.000000	175.002720	1.508002	0.001677	0.057496	0.001278	1.461268
176.000000	175.998702	1.509132	0.001638	0.055484	0.001251	1.217448
177.000000	176.982541	1.507137	0.001659	0.055819	0.001173	0.322567
178.000000	178.002162	1.504763	0.001696	0.055180	0.001175	4.391925
179.000000	178.996160	1.503486	0.001716	0.055491	0.001172	2.560260
180.000000	180.004723	1.502696	0.001635	0.055268	0.001228	0.523555
181.000000	180.995390	1.500892	0.001661	0.053937	0.001081	3.334069
182.000000	181.999356	1.500201	0.001573	0.053011	0.001111	1.650944
183.000000	183.010088	1.499948	0.001619	0.054161	0.001217	2.321504
184.000000	184.006089	1.499740	0.001610	0.054970	0.001077	1.482527
185.000000	185.005393	1.496461	0.001717	0.057443	0.001243	1.692136
186.000000	186.010391	1.496059	0.001726	0.056245	0.001216	1.607693
187.000000	186.999559	1.492207	0.001638	0.053528	0.001117	3.728578
188.000000	188.009564	1.492151	0.001686	0.055317	0.001233	0.662482
189.000000	188.998400	1.490276	0.001653	0.055709	0.001183	0.607545
190.000000	189.985316	1.488293	0.001713	0.054406	0.001026	4.859174
191.000000	191.001447	1.489432	0.001690	0.054484	0.001095	1.959314
192.000000	192.011252	1.484141	0.001703	0.054829	0.001082	1.835914
193.000000	192.989243	1.487069	0.001647	0.054378	0.001131	1.699613
194.000000	193.991816	1.482548	0.001650	0.055553	0.001015	2.866331
195.000000	194.996625	1.481948	0.001755	0.056044	0.001062	5.505539
196.000000	195.989062	1.482128	0.001591	0.053654	0.001092	1.942062
197.000000	196.983418	1.483275	0.001728	0.054985	0.001231	2.309036
198.000000	197.972050	1.482726	0.001633	0.054800	0.001080	1.662979
199.000000	199.020421	1.476685	0.001711	0.054619	0.001055	2.843271
200.000000	200.002661	1.477571	0.001662	0.054396	0.001096	3.236490
201.000000	201.010250	1.476060	0.001608	0.053149	0.001008	1.400661
202.000000	201.999889	1.475905	0.001562	0.053146	0.001072	2.243464
203.000000	203.000059	1.475685	0.001626	0.055181	0.001164	0.539965
204.000000	203.999785	1.474348	0.001708	0.057002	0.001236	2.328218
205.000000	205.009387	1.472504	0.001693	0.055675	0.001233	1.426253
206.000000	205.992446	1.470183	0.001643	0.055062	0.001171	2.709354
207.000000	207.004414	1.468438	0.001631	0.056279	0.001249	0.647062
208.000000	207.989478	1.474144	0.001683	0.054575	0.001118	2.014061
209.000000	209.016193	1.467989	0.001635	0.054222	0.001020	0.898233
210.000000	209.985751	1.463505	0.001666	0.055823	0.001172	1.513821
211.000000	210.993864	1.464272	0.001698	0.055581	0.001360	1.316756
212.000000	211.999591	1.463544	0.001635	0.054648	0.001150	2.035390
213.000000	212.990387	1.461991	0.001625	0.054270	0.001147	2.658204
214.000000	214.008888	1.462086	0.001576	0.052206	0.001142	1.910381
215.000000	215.011019	1.462033	0.001607	0.053713	0.001019	3.527636
216.000000	215.989885	1.459023	0.001622	0.054480	0.001169	2.137657
217.000000	216.997638	1.463277	0.001808	0.057441	0.001420	4.585381
218.000000	218.006505	1.456187	0.001776	0.057056	0.001371	0.688715
219.000000	219.015222	1.455497	0.001590	0.054346	0.001135	0.082024
220.000000	220.003798	1.454753	0.001628	0.053689	0.001205	1.594064
221.000000	221.007485	1.450697	0.001702	0.055248	0.001272	1.674513
222.000000	222.015355	1.453883	0.001669	0.053084	0.001240	1.689702
223.000000	222.998194	1.452367	0.001692	0.056059	0.001277	1.366479
224.000000	223.996087	1.452833	0.001627	0.053909	0.001202	0.838788
225.000000	224.993407	1.447832	0.001596	0.052308	0.001108	2.491855
226.000000	226.004840	1.448237	0.001724	0.053767	0.001201	4.142229
227.000000	227.000774	1.449688	0.001677	0.055129	0.001231	2.483471
228.000000	228.010896	1.449472	0.001682	0.056132	0.001218	0.553256
229.000000	229.004776	1.445361	0.001625	0.054854	0.001120	1.513563
230.000000	229.996720	1.443515	0.001657	0.053007	0.001221	1.753716
231.000000	231.010738	1.443469	0.001687	0.054778	0.001120	2.778413
232.000000	231.993403	1.442987	0.001688	0.056137	0.001164	0.934069
233.000000	232.999524	1.441655	0.001664	0.054600	0.001265	0.846264
234.000000	234.010462	1.441010	0.001637	0.054742	0.001157	0.938540
235.000000	235.004989	1.440505	0.001762	0.053909	0.001224	4.668018
236.000000	236.002359	1.436817	0.001686	0.055328	0.001254	1.237462
237.000000	236.990162	1.437254	0.001701	0.054491	0.001156	2.676597
238.000000	238.001521	1.437683	0.001679	0.054878	0.001192	2.002679
239.000000	239.005727	1.435432	0.001649	0.055232	0.001169	0.601560
240.000000	240.007854	1.436004	0.001668	0.054794	0.001307	1.118610
241.000000	240.999267	1.430697	0.001665	0.055475	0.001050	1.869108
242.000000	241.992334	1.432826	0.001758	0.056839	0.001152	1.906072
243.000000	242.988774	1.428865	0.001672	0.054093	0.001098	1.323417
244.000000	243.996009	1.427929	0.001683	0.056390	0.001140	1.301692
245.000000	244.993602	1.428051	0.001647	0.053991	0.001084	1.954763
246.000000	246.001339	1.428207	0.001684	0.054442	0.001139	2.297217
247.000000	246.992985	1.426304	0.001603	0.053760	0.001137	2.043048
248.000000	247.992995	1.425386	0.001687	0.054937	0.001022	4.157936
249.000000	249.002311	1.424531	0.001678	0.054590	0.001285	1.624541
250.000000	249.998790	1.424815	0.001660	0.052436	0.001008	3.807688
251.000000	250.991381	1.425217	0.001732	0.056973	0.001451	1.062571
252.000000	251.984035	1.424373	0.001740	0.053743	0.001164	3.161646
253.000000	253.006750	1.424830	0.001689	0.054860	0.001198	1.907807
254.000000	253.998716	1.424741	0.001740	0.055955	0.001237	0.863622
255.000000	254.993536	1.422418	0.001664	0.055154	0.001163	1.134390
256.000000	256.003983	1.419456	0.001648	0.055792	0.001225	0.394918
257.000000	256.994639	1.417933	0.001717	0.054111	0.001052	1.514987
258.000000	258.002824	1.417035	0.001709	0.056603	0.001220	1.614521
259.000000	258.998815	1.414754	0.001703	0.055273	0.001043	2.439638
260.000000	260.004937	1.416898	0.001840	0.058251	0.001540	1.253232
261.000000	261.013247	1.414917	0.001653	0.054649	0.001247	0.686594
262.000000	262.000133	1.413594	0.001736	0.054329	0.001107	3.738967
263.000000	263.006709	1.412635	0.001729	0.055209	0.001082	1.945463
264.000000	263.998576	1.413178	0.001644	0.054185	0.001271	1.538180
265.000000	264.986462	1.410078	0.001624	0.054043	0.001102	0.440243
266.000000	266.019664	1.406653	0.001747	0.057454	0.001123	1.075023
267.000000	266.993797	1.407112	0.001790	0.055651	0.001175	3.322081
268.000000	268.012449	1.409792	0.001619	0.053941	0.001268	2.500733
269.000000	268.997226	1.406878	0.001710	0.054894	0.001158	1.872988
270.000000	270.013648	1.409129	0.001738	0.054591	0.001174	1.633949
271.000000	270.996885	1.408937	0.001714	0.056505	0.001287	0.259169
272.000000	272.003852	1.402509	0.001843	0.058806	0.001164	2.122989
273.000000	272.993266	1.403824	0.001732	0.056385	0.001340	1.720196
274.000000	274.012296	1.402573	0.001753	0.057639	0.001109	1.357335
275.000000	275.010865	1.402712	0.001700	0.055478	0.001205	0.401976
276.000000	275.991013	1.403809	0.001726	0.056710	0.001263	0.487134
277.000000	277.007422	1.401514	0.001656	0.054420	0.001215	1.386215
278.000000	277.975623	1.400369	0.001783	0.056659	0.001283	1.694199
279.000000	278.999769	1.400694	0.001722	0.056048	0.001269	1.353849
280.000000	280.001247	1.398052	0.001675	0.054430	0.001198	1.308999
281.000000	280.990311	1.395454	0.001698	0.055378	0.001177	1.614703
282.000000	282.003623	1.395838	0.001711	0.056602	0.001284	1.336374
283.000000	282.982124	1.397164	0.001728	0.056197	0.001316	0.934502
284.000000	284.009273	1.396597	0.001759	0.055156	0.001320	2.271683
285.000000	284.993137	1.394931	0.001745	0.058589	0.001247	1.213466
286.000000	286.002385	1.392650	0.001764	0.057246	0.001230	1.406728
287.000000	287.014794	1.391754	0.001731	0.057079	0.001311	1.463611
288.000000	287.992791	1.388593	0.001678	0.053725	0.001247	1.843102
289.000000	289.008119	1.391435	0.001714	0.054454	0.001150	2.355494
290.000000	290.005647	1.389559	0.001783	0.056543	0.001324	2.634484
291.000000	290.998476	1.388813	0.001672	0.055770	0.001262	0.392725
292.000000	292.009468	1.387953	0.001565	0.052308	0.001108	1.009334
293.000000	293.001780	1.386004	0.001701	0.055720	0.001157	2.110683
294.000000	294.014963	1.385459	0.001738	0.056471	0.001188	1.059386
295.000000	294.978719	1.386012	0.001704	0.056780	0.001267	0.785567
296.000000	296.000125	1.387200	0.001665	0.055774	0.001275	1.069037
297.000000	297.013991	1.382924	0.001785	0.057551	0.001209	1.397844
298.000000	298.008002	1.386896	0.001680	0.054387	0.001256	2.021421
299.000000	299.001685	1.382861	0.001706	0.054574	0.001250	0.835276
300.000000	300.001278	1.383196	0.001899	0.055762	0.001283	6.687933
