Bin Center	Bin Actual	Gaus Mean	Mean Error	Gaus Sigma	Sig Error	X^2/DOF
2.000000	2.270542	2.451202	0.004657	0.208097	0.003277	3.023565
3.000000	3.070770	2.371098	0.004841	0.197658	0.003392	1.885501
4.000000	3.836267	2.317366	0.004233	0.179170	0.002972	2.847475
5.000000	4.857789	2.275838	0.003780	0.162874	0.002645	4.591364
6.000000	5.984238	2.237520	0.003390	0.157524	0.002294	3.404365
7.000000	7.072416	2.209521	0.003491	0.140514	0.002316	4.656919
8.000000	8.063706	2.188891	0.003177	0.133065	0.002061	2.630557
9.000000	9.007852	2.163066	0.003372	0.133439	0.002558	3.208565
10.000000	9.978674	2.141294	0.003145	0.128287	0.002191	2.582544
11.000000	10.980007	2.129047	0.003085	0.123856	0.002118	3.656880
12.000000	11.998057	2.102058	0.003042	0.118197	0.002119	3.422524
13.000000	12.997451	2.090973	0.002896	0.111077	0.001885	2.673498
14.000000	14.011379	2.076989	0.002847	0.114489	0.002045	3.016498
15.000000	14.993172	2.057650	0.002831	0.109617	0.001884	4.025905
16.000000	16.005106	2.050309	0.002824	0.103613	0.001778	4.776709
17.000000	16.992713	2.036895	0.003010	0.095200	0.001688	10.933124
18.000000	17.993320	2.026099	0.002770	0.104413	0.002061	3.759700
19.000000	19.002547	2.020168	0.002718	0.096757	0.001703	4.743755
20.000000	20.002743	2.002293	0.002520	0.099159	0.001785	1.832213
21.000000	20.999785	1.999889	0.002622	0.100866	0.001989	2.209845
22.000000	21.998677	1.985319	0.002394	0.086990	0.001541	5.208598
23.000000	23.001449	1.976745	0.002402	0.092322	0.001602	2.887285
24.000000	23.991789	1.968416	0.002469	0.094769	0.001990	2.846959
25.000000	25.009666	1.958747	0.002427	0.089078	0.001599	2.487781
26.000000	26.002295	1.948944	0.002340	0.089350	0.001729	2.712765
27.000000	26.993303	1.943714	0.002409	0.085069	0.001525	5.668473
28.000000	27.987940	1.935688	0.002305	0.088051	0.001631	3.062071
29.000000	28.994397	1.927590	0.002191	0.083266	0.001605	3.560143
30.000000	29.981609	1.923271	0.002250	0.082283	0.001709	4.114643
31.000000	31.008613	1.913938	0.002310	0.083018	0.001585	3.849727
32.000000	31.987682	1.911101	0.002243	0.085019	0.001788	2.835152
33.000000	32.994860	1.901826	0.002297	0.084715	0.001478	3.526157
34.000000	34.003821	1.891506	0.002241	0.081688	0.001402	3.897940
35.000000	35.011653	1.891776	0.002245	0.081406	0.001645	3.856742
36.000000	36.009410	1.878279	0.002178	0.080928	0.001648	2.328688
37.000000	36.997451	1.873514	0.002227	0.079658	0.001594	5.452941
38.000000	38.013215	1.872095	0.002176	0.077317	0.001479	4.239680
39.000000	39.013739	1.865052	0.002254	0.082016	0.001576	1.808944
40.000000	40.000449	1.858195	0.002055	0.075290	0.001504	3.362609
41.000000	40.992833	1.855181	0.002061	0.076317	0.001390	2.102093
42.000000	42.011328	1.848260	0.002076	0.078414	0.001525	2.144260
43.000000	42.989307	1.843308	0.002075	0.076845	0.001556	1.218907
44.000000	43.996550	1.837156	0.002063	0.076476	0.001550	1.450802
45.000000	44.994557	1.834574	0.002018	0.073302	0.001364	2.677758
46.000000	45.995092	1.828122	0.002012	0.075517	0.001530	0.961360
47.000000	47.011538	1.821406	0.002193	0.076514	0.001628	3.362649
48.000000	48.009570	1.819558	0.002057	0.072763	0.001394	3.502769
49.000000	48.993842	1.818583	0.001972	0.073403	0.001458	1.767818
50.000000	49.995133	1.814331	0.001903	0.069082	0.001487	4.954209
51.000000	51.002946	1.804393	0.001978	0.068390	0.001313	5.220791
52.000000	52.003992	1.800038	0.001936	0.072657	0.001262	2.353392
53.000000	53.001848	1.797486	0.001963	0.068599	0.001150	6.109594
54.000000	53.995509	1.795111	0.002076	0.069057	0.001321	5.987955
55.000000	55.007920	1.789972	0.001944	0.068064	0.001265	3.292015
56.000000	56.013371	1.789949	0.001898	0.069281	0.001379	1.322606
57.000000	56.994448	1.784466	0.001965	0.067153	0.001480	5.167465
58.000000	58.004690	1.779694	0.001841	0.067176	0.001376	1.394793
59.000000	58.997271	1.773835	0.001940	0.070338	0.001396	1.976140
60.000000	60.003880	1.769162	0.001907	0.067765	0.001435	1.859261
61.000000	60.995606	1.770436	0.001921	0.068341	0.001541	3.094059
62.000000	62.001497	1.765998	0.001935	0.068600	0.001314	2.754141
63.000000	62.995730	1.760557	0.001909	0.067419	0.001311	2.820339
64.000000	64.006745	1.757228	0.001945	0.067715	0.001445	3.467145
65.000000	64.982470	1.752818	0.001763	0.065393	0.001243	1.560098
66.000000	66.002995	1.748741	0.001874	0.066764	0.001205	3.169753
67.000000	67.012039	1.748671	0.001847	0.067092	0.001308	2.034275
68.000000	68.009699	1.748742	0.001911	0.068890	0.001547	1.104606
69.000000	68.995850	1.741526	0.001722	0.063620	0.001171	1.754018
70.000000	69.990899	1.739367	0.001795	0.065280	0.001244	1.630845
71.000000	71.011428	1.736920	0.001786	0.062896	0.001316	3.421996
72.000000	72.005897	1.728831	0.001825	0.065145	0.001313	3.060699
73.000000	72.990317	1.729166	0.001828	0.062492	0.001368	6.776471
74.000000	74.000464	1.725274	0.001756	0.063837	0.001377	0.637521
75.000000	75.003433	1.723950	0.001822	0.062987	0.001325	3.580199
76.000000	75.998598	1.719472	0.001791	0.066115	0.001323	0.784398
77.000000	76.984155	1.712283	0.001746	0.063197	0.001316	1.531765
78.000000	77.997213	1.712702	0.001830	0.065052	0.001256	2.593108
79.000000	79.006358	1.712565	0.001830	0.063517	0.001317	3.155547
80.000000	79.989243	1.708318	0.001864	0.062373	0.001222	4.551263
81.000000	80.996495	1.704639	0.001724	0.062968	0.001493	3.284787
82.000000	81.991030	1.700230	0.001880	0.061450	0.001123	5.085488
83.000000	83.006136	1.695541	0.001852	0.063133	0.001205	4.895208
84.000000	83.990382	1.695747	0.001708	0.060498	0.001070	2.819982
85.000000	85.005362	1.693960	0.001741	0.061046	0.001194	3.523059
86.000000	85.999831	1.691587	0.001763	0.061679	0.001182	1.959810
87.000000	86.980100	1.686201	0.001809	0.062055	0.001153	4.060586
88.000000	88.007303	1.685014	0.001779	0.061650	0.001253	1.799654
89.000000	88.994553	1.681304	0.001742	0.061539	0.001231	0.787762
90.000000	90.000263	1.680273	0.001704	0.058249	0.001161	2.851175
91.000000	90.992170	1.678819	0.001724	0.060107	0.001192	3.052919
92.000000	92.005037	1.678761	0.001786	0.061871	0.001299	2.712668
93.000000	92.992340	1.672411	0.001692	0.061309	0.001164	1.119332
94.000000	93.980571	1.671096	0.001763	0.061606	0.001165	2.786437
95.000000	95.002114	1.670196	0.001694	0.060723	0.001291	1.969437
96.000000	95.992811	1.666633	0.001701	0.060155	0.001227	2.363651
97.000000	97.007793	1.667968	0.001673	0.059836	0.001227	2.873423
98.000000	97.995942	1.660818	0.001793	0.060586	0.001195	4.577826
99.000000	98.999809	1.657693	0.001715	0.060306	0.001181	1.270154
100.000000	99.991797	1.655964	0.001658	0.058552	0.001099	2.752588
101.000000	100.990744	1.656059	0.001647	0.060111	0.001199	0.893311
102.000000	101.988856	1.652215	0.001681	0.058129	0.001080	2.159188
103.000000	103.012513	1.647073	0.001719	0.058430	0.000999	4.380553
104.000000	104.000534	1.645895	0.001773	0.059273	0.001038	4.129369
105.000000	104.991157	1.644476	0.001755	0.059232	0.001062	4.139521
106.000000	105.998912	1.642579	0.001664	0.060329	0.001133	1.155439
107.000000	106.995316	1.644088	0.001668	0.060177	0.001190	1.175152
108.000000	108.005485	1.636120	0.001705	0.059463	0.001094	2.618847
109.000000	109.006926	1.638840	0.001664	0.056781	0.001153	4.233206
110.000000	109.993809	1.635189	0.001695	0.059485	0.001287	1.061029
111.000000	110.983193	1.630986	0.001681	0.059997	0.001244	0.842086
112.000000	112.014431	1.630666	0.001736	0.060336	0.001184	1.015594
113.000000	112.998333	1.628561	0.001663	0.057452	0.001304	2.341928
114.000000	114.001631	1.628019	0.001694	0.057482	0.001265	3.502227
115.000000	114.991404	1.625243	0.001695	0.058397	0.001129	1.163430
116.000000	116.011831	1.622380	0.001700	0.056640	0.001167	6.554772
117.000000	116.994338	1.620794	0.001738	0.058996	0.001207	1.280261
118.000000	118.005510	1.616746	0.001881	0.062479	0.001357	0.601000
119.000000	118.996045	1.611006	0.001801	0.057436	0.001256	2.434088
120.000000	119.990289	1.612615	0.001795	0.058693	0.001469	1.894526
121.000000	120.997636	1.610199	0.001862	0.057403	0.001231	1.549220
122.000000	121.985037	1.609723	0.001778	0.056187	0.001273	0.993176
123.000000	122.999862	1.607504	0.001958	0.058067	0.001450	3.917176
124.000000	123.997897	1.602423	0.002024	0.054247	0.001220	4.387045
125.000000	125.012197	1.602184	0.002022	0.057571	0.001414	2.674614
126.000000	125.993564	1.601290	0.002070	0.057502	0.001288	2.967083
127.000000	127.002151	1.596828	0.002067	0.058570	0.001495	1.478399
128.000000	128.000009	1.595525	0.001893	0.055668	0.001247	2.255122
129.000000	128.984770	1.592736	0.001929	0.055844	0.001458	0.416460
130.000000	129.993839	1.590690	0.002092	0.057067	0.001362	1.790609
131.000000	131.008598	1.592666	0.001998	0.055029	0.001336	1.636944
132.000000	132.006946	1.584193	0.002049	0.058445	0.001390	0.926351
133.000000	132.999956	1.587131	0.001973	0.056580	0.001303	1.406001
134.000000	134.008991	1.586725	0.001832	0.055404	0.001268	0.833546
135.000000	134.995095	1.579561	0.001931	0.058748	0.001518	1.166795
136.000000	136.004931	1.577774	0.001768	0.055131	0.001335	0.273581
137.000000	137.002408	1.578095	0.001896	0.057712	0.001393	1.093052
138.000000	137.997816	1.580499	0.001782	0.053925	0.001326	3.880456
139.000000	138.999627	1.573138	0.001795	0.058248	0.001397	2.078371
140.000000	140.002081	1.570022	0.001681	0.054598	0.001251	1.570058
141.000000	140.991310	1.573069	0.001716	0.055947	0.001207	2.565923
142.000000	142.019356	1.569697	0.001783	0.057205	0.001327	0.814311
143.000000	142.994107	1.568640	0.001843	0.059096	0.001494	4.682070
144.000000	144.004788	1.564028	0.001697	0.056572	0.001191	1.640849
145.000000	144.993322	1.560046	0.001650	0.057240	0.001176	0.733085
146.000000	145.999341	1.559342	0.001765	0.058165	0.001267	1.470720
147.000000	146.994764	1.560143	0.001746	0.056672	0.001171	4.575225
148.000000	147.989073	1.559553	0.001743	0.059749	0.001285	4.075270
149.000000	148.993453	1.556555	0.001697	0.057438	0.001244	1.743856
150.000000	150.001460	1.553305	0.001727	0.056186	0.001123	4.611206
151.000000	151.019868	1.550974	0.001647	0.056746	0.001164	0.186649
152.000000	152.000371	1.552209	0.001785	0.051310	0.000975	11.653941
153.000000	153.006846	1.551345	0.001599	0.055179	0.001203	1.266100
154.000000	154.005873	1.549541	0.001633	0.055243	0.001183	1.817106
155.000000	154.994523	1.545161	0.001621	0.056562	0.001251	0.905467
156.000000	155.999578	1.546536	0.001658	0.055575	0.001168	2.842206
157.000000	157.002500	1.541688	0.001720	0.056713	0.001163	1.285276
158.000000	158.006752	1.546205	0.001585	0.053860	0.001085	0.777575
159.000000	159.004485	1.541133	0.001659	0.055839	0.001042	2.844379
160.000000	159.993826	1.540813	0.001761	0.056606	0.001233	4.662133
161.000000	161.012148	1.539651	0.001597	0.053862	0.001093	1.943639
162.000000	161.979504	1.535232	0.001647	0.056787	0.001293	1.133866
163.000000	162.996971	1.534341	0.001667	0.054145	0.001085	1.617333
164.000000	163.995253	1.533668	0.001602	0.055529	0.001185	0.426746
165.000000	164.998011	1.530422	0.001705	0.057106	0.001112	0.847444
166.000000	165.998166	1.530929	0.001689	0.056221	0.001309	1.577973
167.000000	166.997336	1.528837	0.001695	0.055837	0.001118	1.724558
168.000000	168.013440	1.528229	0.001596	0.055509	0.001071	1.704170
169.000000	169.011610	1.525749	0.001644	0.055707	0.001226	0.753205
170.000000	170.004347	1.527423	0.001674	0.055608	0.001225	1.402022
171.000000	170.997679	1.525280	0.001610	0.055077	0.001180	0.664426
172.000000	172.001274	1.524230	0.001590	0.053576	0.001138	1.911252
173.000000	172.991594	1.523136	0.001681	0.056514	0.001215	2.454580
174.000000	173.997073	1.522754	0.001696	0.056611	0.001199	2.385337
175.000000	174.991906	1.519277	0.001685	0.055200	0.001247	3.356860
176.000000	175.992984	1.518152	0.001644	0.055616	0.001226	0.787341
177.000000	177.004612	1.516243	0.001682	0.056033	0.001261	2.982867
178.000000	178.018111	1.513978	0.001657	0.056236	0.001177	1.355754
179.000000	179.011022	1.517168	0.001638	0.054643	0.001329	3.011298
180.000000	179.997473	1.514037	0.001546	0.053114	0.001090	1.057470
181.000000	181.004208	1.513535	0.001602	0.054645	0.001279	1.022406
182.000000	182.000463	1.509711	0.001696	0.057096	0.001191	0.130199
183.000000	182.996295	1.511952	0.001669	0.055340	0.001255	1.236672
184.000000	184.004528	1.506567	0.001633	0.055726	0.001204	0.961019
185.000000	185.001260	1.506324	0.001678	0.056343	0.001143	2.127123
186.000000	186.000703	1.503920	0.001646	0.054126	0.001189	3.194927
187.000000	187.010937	1.503145	0.001638	0.055046	0.001130	1.627748
188.000000	187.997692	1.501822	0.001643	0.056427	0.001248	0.598990
189.000000	188.992743	1.499360	0.001619	0.053576	0.001105	1.692809
190.000000	189.994300	1.502643	0.001727	0.053748	0.001294	3.838999
191.000000	191.015204	1.499042	0.001699	0.055985	0.001180	1.989719
192.000000	192.001720	1.498715	0.001674	0.054434	0.001124	2.458568
193.000000	192.997279	1.494904	0.001714	0.056310	0.001324	1.692644
194.000000	194.002223	1.495491	0.001733	0.055982	0.001248	1.403295
195.000000	195.000473	1.494639	0.001622	0.054263	0.001108	1.507701
196.000000	195.983486	1.489789	0.001722	0.056638	0.001193	0.902745
197.000000	196.994938	1.493345	0.001702	0.056440	0.001284	0.705432
198.000000	198.000936	1.488431	0.001652	0.054686	0.001116	1.049583
199.000000	199.006923	1.486570	0.001707	0.057100	0.001226	0.647177
200.000000	199.999450	1.483958	0.001670	0.054982	0.001031	2.720521
201.000000	201.006105	1.487592	0.001661	0.055471	0.001122	1.975838
202.000000	201.997463	1.486315	0.001652	0.054818	0.001256	0.842312
203.000000	202.999982	1.482355	0.001658	0.054465	0.001213	1.404039
204.000000	203.997481	1.480308	0.001699	0.056073	0.001233	2.180702
205.000000	204.995397	1.481841	0.001649	0.056323	0.001166	2.046146
206.000000	206.003345	1.482020	0.001662	0.056674	0.001170	0.815789
207.000000	206.985383	1.479400	0.001725	0.053686	0.001098	4.297552
208.000000	207.998699	1.479592	0.001632	0.054283	0.001221	1.023411
209.000000	209.008170	1.473836	0.001690	0.055480	0.001192	1.107036
210.000000	209.992239	1.475664	0.001639	0.055244	0.001214	1.061486
211.000000	211.009188	1.476532	0.001684	0.055296	0.001284	2.472526
212.000000	211.991444	1.474993	0.001710	0.055686	0.001285	1.615218
213.000000	212.993461	1.475293	0.001679	0.054280	0.001190	0.630597
214.000000	213.998637	1.471595	0.001590	0.053213	0.001080	0.652008
215.000000	215.009974	1.469700	0.001614	0.054624	0.001228	0.347265
216.000000	215.997096	1.471483	0.001653	0.055686	0.001245	1.864679
217.000000	216.997458	1.470931	0.001657	0.055010	0.001068	1.305455
218.000000	217.998582	1.468001	0.001725	0.057141	0.001348	0.834541
219.000000	218.995635	1.466255	0.001586	0.054410	0.001189	0.842864
220.000000	219.985752	1.464018	0.001605	0.052815	0.001124	2.921005
221.000000	221.003072	1.463680	0.001629	0.055821	0.001186	0.386153
222.000000	221.994260	1.464055	0.001676	0.055133	0.001167	1.205584
223.000000	222.995178	1.464135	0.001712	0.056706	0.001303	0.875921
224.000000	224.010210	1.460850	0.001681	0.055590	0.001139	0.996629
225.000000	225.003756	1.459701	0.001720	0.056875	0.001190	1.916215
226.000000	226.001027	1.460896	0.001740	0.055744	0.001362	4.022314
227.000000	227.003526	1.456744	0.001670	0.054956	0.001253	1.908372
228.000000	228.003304	1.456451	0.001601	0.054197	0.001231	0.968109
229.000000	228.995180	1.457761	0.001695	0.055306	0.001258	3.760037
230.000000	229.996061	1.453301	0.001654	0.055409	0.001116	0.325526
231.000000	231.004805	1.454182	0.001754	0.056074	0.001221	3.274773
232.000000	231.997836	1.453663	0.001697	0.055633	0.001210	1.049103
233.000000	232.995175	1.448262	0.001723	0.055926	0.001234	1.547329
234.000000	234.005505	1.448513	0.001636	0.054797	0.001193	1.136937
235.000000	234.995353	1.449673	0.001635	0.053412	0.001248	1.075352
236.000000	235.986199	1.448483	0.001780	0.059255	0.001238	1.037345
237.000000	237.004786	1.448012	0.001680	0.055610	0.001336	1.028727
238.000000	238.003958	1.447896	0.001615	0.054400	0.001206	0.771451
239.000000	239.016283	1.444664	0.001858	0.056592	0.001333	5.656544
240.000000	239.982407	1.443095	0.001688	0.055566	0.001149	2.775895
241.000000	240.993374	1.440801	0.001683	0.056237	0.001222	0.957472
242.000000	241.986236	1.440613	0.001612	0.054538	0.001172	1.855562
243.000000	243.008295	1.441243	0.001724	0.055539	0.001147	2.905018
244.000000	244.002174	1.440444	0.001763	0.056010	0.001222	2.636503
245.000000	245.002297	1.438273	0.001739	0.055911	0.001200	1.259108
246.000000	245.996849	1.438091	0.001637	0.055898	0.001361	2.160406
247.000000	246.996584	1.440405	0.001687	0.055322	0.001364	1.376296
248.000000	248.004926	1.437260	0.001661	0.053091	0.001228	3.004046
249.000000	249.003980	1.436491	0.001680	0.055095	0.001311	0.739229
250.000000	250.007341	1.435541	0.001669	0.054770	0.001075	1.855366
251.000000	251.007588	1.432833	0.001793	0.055236	0.001227	3.598171
252.000000	251.989793	1.433047	0.001638	0.053663	0.001117	1.282368
253.000000	253.008992	1.430277	0.001755	0.055724	0.001258	1.923004
254.000000	254.016089	1.430811	0.001692	0.054994	0.001143	1.669594
255.000000	254.983551	1.428400	0.001720	0.057030	0.001206	0.253279
256.000000	255.990777	1.427981	0.001728	0.056044	0.001158	1.367426
257.000000	256.982166	1.428926	0.001731	0.056259	0.001227	0.347384
258.000000	258.000274	1.427884	0.001680	0.055419	0.001127	0.773392
259.000000	258.986947	1.425371	0.001747	0.055746	0.001196	1.555201
260.000000	260.011350	1.426562	0.001685	0.051875	0.001010	5.498780
261.000000	261.007375	1.424117	0.001708	0.055219	0.001224	1.114375
262.000000	262.002864	1.423015	0.001795	0.057283	0.001300	1.863341
263.000000	263.007823	1.420341	0.001778	0.057053	0.001197	0.886272
264.000000	263.989361	1.422610	0.001639	0.055553	0.001209	1.586262
265.000000	265.006989	1.422401	0.001662	0.055029	0.001244	2.944980
266.000000	266.003204	1.419125	0.001814	0.057377	0.001256	1.513941
267.000000	266.994926	1.420889	0.001656	0.054697	0.001076	0.985844
268.000000	268.000733	1.417166	0.001613	0.053720	0.001160	0.108664
269.000000	269.010594	1.417606	0.001732	0.054559	0.001230	1.691268
270.000000	269.985046	1.417186	0.001736	0.056382	0.001290	2.091683
271.000000	270.997109	1.416481	0.001693	0.053952	0.001099	2.810002
272.000000	271.989619	1.413171	0.001693	0.054334	0.001116	1.007985
273.000000	273.017338	1.416315	0.001702	0.054675	0.001230	1.808531
274.000000	274.015195	1.413294	0.001671	0.054924	0.001318	0.881931
275.000000	275.023779	1.411112	0.001737	0.056259	0.001235	1.581150
276.000000	275.996479	1.412715	0.001674	0.055705	0.001106	0.837722
277.000000	277.008740	1.412860	0.001743	0.055881	0.001192	2.118528
278.000000	277.995589	1.411209	0.001673	0.056345	0.001192	0.110841
279.000000	278.977860	1.408439	0.001705	0.055172	0.001098	2.167815
280.000000	279.999575	1.409099	0.001720	0.054885	0.001216	2.096815
281.000000	280.998344	1.408794	0.001810	0.059075	0.001354	0.932035
282.000000	281.992347	1.403474	0.001709	0.056674	0.001349	1.196551
283.000000	283.005573	1.408273	0.001668	0.054877	0.001175	0.991766
284.000000	283.996192	1.403915	0.001679	0.054716	0.001230	1.676506
285.000000	284.998465	1.403870	0.001719	0.056050	0.001267	2.092192
286.000000	286.002158	1.404363	0.001696	0.055724	0.001258	0.161494
287.000000	287.006201	1.402169	0.001719	0.057033	0.001222	2.178619
288.000000	287.999262	1.401213	0.001776	0.056741	0.001299	2.535921
289.000000	288.986033	1.401217	0.001782	0.058229	0.001300	0.611412
290.000000	289.993615	1.396242	0.001819	0.059252	0.001423	1.277004
291.000000	291.002986	1.400453	0.001596	0.052936	0.001137	0.649579
292.000000	291.993703	1.401816	0.001634	0.051826	0.001067	2.150979
293.000000	293.014916	1.399212	0.001696	0.056723	0.001206	0.444067
294.000000	293.990335	1.397589	0.001812	0.058309	0.001237	1.311195
295.000000	295.006656	1.396315	0.001642	0.053734	0.001153	0.802924
296.000000	295.980217	1.394969	0.001789	0.059392	0.001441	0.904832
297.000000	296.997064	1.395092	0.001775	0.057676	0.001240	0.253651
298.000000	297.989573	1.393759	0.001770	0.057744	0.001310	2.322775
299.000000	299.000311	1.394343	0.001722	0.054830	0.001188	2.408099
300.000000	299.993947	1.392796	0.001749	0.057286	0.001322	2.084127
