Bin Center	Bin Actual	Gaus Mean	Mean Error	Gaus Sigma	Sig Error	X^2/DOF
2.000000	2.003690	2.852897	0.003554	0.118323	0.002547	0.350842
3.000000	3.012249	2.714167	0.003391	0.107655	0.002491	0.765668
4.000000	4.039912	2.626593	0.003511	0.103413	0.002532	0.608381
5.000000	5.047571	2.566822	0.003273	0.099917	0.002563	0.869916
6.000000	6.022014	2.514316	0.003436	0.098731	0.002474	1.314003
7.000000	7.018314	2.463571	0.003184	0.093978	0.002444	0.720201
8.000000	7.996748	2.427788	0.003364	0.094906	0.002611	0.935310
9.000000	8.996556	2.402859	0.003180	0.091857	0.002352	1.281643
10.000000	9.996946	2.371311	0.003295	0.094516	0.002221	1.507187
11.000000	10.978625	2.348296	0.003436	0.094745	0.002449	2.181347
12.000000	11.998823	2.330111	0.003282	0.094494	0.002136	1.384569
13.000000	12.994039	2.304525	0.003278	0.094725	0.002560	0.316849
14.000000	14.004093	2.290372	0.003297	0.093147	0.002435	1.462160
15.000000	14.995919	2.272955	0.003229	0.091659	0.002260	0.760069
16.000000	15.993826	2.259179	0.003305	0.091313	0.002430	0.575417
17.000000	17.000962	2.239908	0.003307	0.092377	0.002394	0.738225
18.000000	18.003749	2.222527	0.003249	0.092158	0.002007	2.271514
19.000000	19.007663	2.216605	0.003348	0.092537	0.002428	0.810965
20.000000	19.990278	2.203595	0.003062	0.088584	0.002117	1.667290
21.000000	20.986206	2.195518	0.003396	0.094688	0.002243	1.209394
22.000000	22.013243	2.184298	0.003296	0.094910	0.002359	0.507290
23.000000	23.008451	2.176275	0.003134	0.090495	0.002082	0.749954
24.000000	23.994858	2.164050	0.003251	0.087383	0.002294	1.265134
25.000000	24.999913	2.156655	0.003194	0.090542	0.002447	1.511674
26.000000	25.996913	2.157176	0.003411	0.093548	0.002574	0.632837
27.000000	26.997459	2.143764	0.003315	0.092746	0.002356	0.522609
28.000000	28.005419	2.133400	0.003383	0.093139	0.002954	1.032211
29.000000	29.008370	2.131226	0.003368	0.091287	0.002312	1.688196
30.000000	29.990987	2.116023	0.003207	0.090177	0.002321	1.069440
31.000000	31.002223	2.118371	0.003123	0.089107	0.002308	0.296346
32.000000	31.991575	2.111354	0.003179	0.089527	0.002249	0.857830
33.000000	33.001858	2.100060	0.003223	0.089231	0.002215	0.938327
34.000000	34.005218	2.092538	0.003240	0.094145	0.002338	0.559921
35.000000	35.010800	2.097473	0.003129	0.089822	0.002218	0.845529
36.000000	35.999347	2.087704	0.003197	0.090457	0.002478	0.837306
37.000000	37.005703	2.080130	0.003328	0.090162	0.002393	1.138705
38.000000	37.976185	2.080054	0.003142	0.086642	0.002415	1.896953
39.000000	39.006897	2.070793	0.003155	0.091200	0.002330	0.760349
40.000000	40.003952	2.065272	0.003540	0.094237	0.002682	0.982757
41.000000	41.009150	2.070868	0.003369	0.091842	0.002520	0.723672
42.000000	41.999819	2.065890	0.003042	0.086543	0.002214	0.309372
43.000000	42.986331	2.051926	0.003304	0.088160	0.002479	2.189429
44.000000	44.000938	2.050382	0.003268	0.090811	0.002181	1.374349
45.000000	45.010856	2.049303	0.003195	0.091161	0.002386	1.191763
46.000000	46.006416	2.047734	0.003313	0.088865	0.002252	1.865431
47.000000	47.004654	2.048154	0.003135	0.087556	0.002357	0.422126
48.000000	47.999486	2.044204	0.003149	0.088464	0.002516	1.002241
49.000000	48.996512	2.036729	0.003174	0.089265	0.002150	0.562948
50.000000	50.011508	2.029968	0.002990	0.084666	0.002224	0.755008
51.000000	50.997409	2.030749	0.003359	0.088772	0.002647	1.782711
52.000000	52.006267	2.023914	0.003127	0.086995	0.002335	1.387887
53.000000	52.992462	2.023617	0.003290	0.088543	0.002234	1.883629
54.000000	53.977578	2.022042	0.003353	0.091458	0.002401	1.725630
55.000000	54.982636	2.022558	0.003203	0.087212	0.002145	2.388520
56.000000	55.982484	2.017011	0.003156	0.087139	0.002318	0.984953
57.000000	56.990140	2.014714	0.002931	0.082805	0.002169	1.105873
58.000000	58.010455	2.010090	0.003286	0.089481	0.002328	0.801698
59.000000	58.982848	2.009740	0.003192	0.088591	0.002451	0.983260
60.000000	59.994090	2.001455	0.003246	0.090770	0.002629	0.777491
61.000000	60.990423	2.007149	0.003009	0.089241	0.002231	0.831544
62.000000	61.985845	2.004122	0.003017	0.086692	0.002326	0.935308
63.000000	62.992200	2.004561	0.003130	0.086276	0.002301	1.121243
64.000000	64.005905	1.991296	0.003297	0.090726	0.002221	1.149152
65.000000	64.979281	1.991816	0.003271	0.089438	0.002345	1.138766
66.000000	66.023137	1.991411	0.003234	0.084191	0.002685	1.505233
67.000000	67.000239	1.994260	0.003169	0.089129	0.002302	0.685857
68.000000	67.993385	1.990195	0.002985	0.080930	0.002138	0.855118
69.000000	69.005897	1.987536	0.003105	0.083699	0.002185	1.784167
70.000000	69.989416	1.981781	0.003257	0.085134	0.002572	1.470269
71.000000	70.980246	1.982520	0.002978	0.082909	0.002184	0.074409
72.000000	72.014649	1.985091	0.003115	0.087410	0.002484	0.483264
73.000000	73.000784	1.977158	0.003146	0.085720	0.002294	0.722393
74.000000	73.996667	1.978789	0.003422	0.086343	0.002285	2.170789
75.000000	74.992551	1.977637	0.003041	0.086217	0.002536	0.865643
76.000000	76.005047	1.976625	0.003260	0.089095	0.002218	1.229084
77.000000	77.004094	1.974104	0.003130	0.086716	0.002000	1.461691
78.000000	77.989914	1.964387	0.002984	0.083877	0.002131	0.667333
79.000000	78.989772	1.968941	0.003146	0.085531	0.002217	1.169042
80.000000	80.004617	1.965065	0.003294	0.090170	0.002459	0.611596
81.000000	80.997539	1.967820	0.003088	0.084214	0.002593	1.368109
82.000000	82.002377	1.962321	0.003260	0.091360	0.002632	0.704057
83.000000	83.013493	1.963004	0.003124	0.088741	0.002298	0.719382
84.000000	84.002626	1.961445	0.003190	0.085399	0.002483	1.629828
85.000000	84.995575	1.957524	0.003274	0.086801	0.002421	1.746327
86.000000	85.992567	1.956363	0.003029	0.082582	0.002185	1.245340
87.000000	87.006423	1.956483	0.003345	0.092187	0.002533	1.162150
88.000000	88.006313	1.954619	0.003156	0.086916	0.002175	1.216683
89.000000	89.020567	1.958718	0.003123	0.084708	0.001990	1.286315
90.000000	90.013806	1.952844	0.003229	0.088878	0.002179	0.847280
91.000000	91.000427	1.949985	0.003005	0.083141	0.002353	2.330482
92.000000	92.010319	1.948508	0.003205	0.083836	0.002224	2.200215
93.000000	92.997180	1.949945	0.002952	0.080677	0.001965	1.451882
94.000000	94.002530	1.948305	0.003034	0.083376	0.002084	1.150880
95.000000	94.996395	1.947546	0.002982	0.084534	0.002313	0.432796
96.000000	95.994504	1.948680	0.003140	0.084334	0.002421	1.052068
97.000000	97.000339	1.944811	0.003165	0.089063	0.002310	0.303516
98.000000	98.000418	1.942186	0.003125	0.085136	0.002240	0.818258
99.000000	99.014747	1.942599	0.003400	0.084593	0.002645	1.110635
100.000000	100.008705	1.937633	0.003153	0.083855	0.002421	0.643391
101.000000	100.985565	1.934109	0.003776	0.083852	0.002397	3.910675
102.000000	101.999138	1.931903	0.003437	0.088517	0.002500	0.628431
103.000000	103.007837	1.933666	0.003420	0.080254	0.002471	1.876552
104.000000	104.000754	1.931587	0.003711	0.087167	0.002759	1.836831
105.000000	104.994385	1.935112	0.003471	0.083451	0.002578	0.919565
106.000000	105.984754	1.925188	0.003802	0.088894	0.002580	0.624207
107.000000	106.990362	1.924035	0.003976	0.090448	0.003143	0.770883
108.000000	107.993909	1.919494	0.003885	0.084936	0.002650	1.880782
109.000000	108.996680	1.924798	0.003856	0.086830	0.002984	0.181201
110.000000	109.996651	1.924906	0.003780	0.085287	0.002925	0.551373
111.000000	110.985589	1.922881	0.003884	0.083559	0.002875	1.156161
112.000000	112.022399	1.919522	0.003802	0.085375	0.002750	0.601465
113.000000	112.998649	1.923028	0.003685	0.084756	0.002671	1.275814
114.000000	114.004834	1.920209	0.003708	0.085757	0.003020	0.851430
115.000000	115.007721	1.918677	0.003446	0.084248	0.002575	0.857029
116.000000	115.995784	1.915101	0.003937	0.084773	0.002718	2.514008
117.000000	116.985909	1.915606	0.003483	0.084041	0.002460	1.218754
118.000000	118.013467	1.921040	0.003387	0.079807	0.002549	1.661755
119.000000	119.013086	1.919634	0.003354	0.083207	0.002697	0.892818
120.000000	120.023069	1.907652	0.003479	0.086532	0.002328	0.569035
121.000000	121.008670	1.907938	0.003668	0.092282	0.002877	0.614245
122.000000	122.013479	1.906457	0.003243	0.081738	0.002372	1.455018
123.000000	123.004720	1.908153	0.003495	0.087652	0.002352	0.858154
124.000000	123.993113	1.904239	0.003287	0.081670	0.002338	1.780027
125.000000	124.992288	1.904225	0.003295	0.084363	0.002280	0.843190
126.000000	126.010285	1.902764	0.003585	0.091052	0.002691	0.512428
127.000000	127.008898	1.899714	0.003280	0.082891	0.002049	1.096540
128.000000	127.977141	1.903922	0.003143	0.082358	0.002326	0.688297
129.000000	129.001370	1.899577	0.003467	0.083331	0.002390	1.701401
130.000000	129.992883	1.904744	0.003281	0.087452	0.002639	0.981076
131.000000	131.004897	1.894463	0.003292	0.082965	0.002020	2.468650
132.000000	131.998621	1.896381	0.003450	0.087245	0.002531	1.368890
133.000000	133.015410	1.899957	0.003180	0.083441	0.002095	1.572901
134.000000	133.996153	1.898920	0.003233	0.082272	0.002385	1.659113
135.000000	134.995697	1.887423	0.003237	0.086556	0.002208	0.657402
136.000000	135.989121	1.896962	0.003051	0.079460	0.002207	0.900166
137.000000	137.009524	1.892586	0.003260	0.085401	0.002622	0.662475
138.000000	137.998115	1.894003	0.003061	0.079062	0.001983	1.667801
139.000000	138.999685	1.886983	0.003156	0.082023	0.002466	2.231921
140.000000	140.000898	1.891627	0.003047	0.081545	0.001910	1.532832
141.000000	141.006151	1.888490	0.003086	0.082862	0.002307	0.914512
142.000000	141.990281	1.890632	0.003098	0.082003	0.001998	1.210532
143.000000	142.976713	1.892751	0.003326	0.086800	0.002318	2.225091
144.000000	144.001025	1.886202	0.003316	0.082889	0.002239	1.924237
145.000000	144.994710	1.884460	0.003205	0.085256	0.002394	1.300298
146.000000	146.019376	1.890022	0.003466	0.088219	0.002443	1.907517
147.000000	146.999799	1.882552	0.003237	0.088497	0.002353	0.393709
148.000000	147.997187	1.879191	0.003244	0.083603	0.002287	2.359852
149.000000	149.017582	1.880494	0.003266	0.088768	0.002492	0.546633
150.000000	150.000896	1.883533	0.003426	0.090723	0.002738	1.331972
151.000000	151.002584	1.880914	0.003173	0.081354	0.002307	1.297887
152.000000	152.007843	1.883692	0.003300	0.087477	0.002614	0.576007
153.000000	152.986333	1.881382	0.003262	0.083977	0.002337	2.041632
154.000000	153.989989	1.881910	0.003309	0.084257	0.002510	0.591020
155.000000	154.988464	1.877781	0.003245	0.085392	0.002044	1.562417
156.000000	156.010100	1.885692	0.003099	0.079961	0.002276	2.374774
157.000000	157.010394	1.883394	0.002971	0.080917	0.002197	0.353889
158.000000	157.989310	1.883091	0.003239	0.085553	0.002392	1.157976
159.000000	158.997712	1.876622	0.003213	0.086826	0.002587	1.199923
160.000000	160.025125	1.878039	0.003226	0.087592	0.002278	0.489333
161.000000	160.996365	1.871700	0.003129	0.084765	0.002237	0.572854
162.000000	161.995378	1.880188	0.003113	0.085133	0.002348	0.297407
163.000000	162.991541	1.875581	0.003061	0.082900	0.002250	0.581991
164.000000	163.978300	1.872398	0.003351	0.087324	0.002406	0.974285
165.000000	165.000665	1.875626	0.003161	0.082656	0.002102	0.744031
166.000000	165.998292	1.876935	0.002996	0.081085	0.002005	0.965776
167.000000	166.979535	1.879363	0.003067	0.082961	0.002352	0.588935
168.000000	167.999518	1.874744	0.003221	0.087269	0.002083	1.012355
169.000000	168.988412	1.870807	0.003140	0.082812	0.002250	0.550414
170.000000	170.001718	1.874171	0.003308	0.087530	0.002480	0.782446
171.000000	170.989767	1.875975	0.003174	0.082506	0.002624	1.185899
172.000000	172.009770	1.874322	0.003058	0.081151	0.002296	1.024729
173.000000	173.008692	1.876859	0.003008	0.083094	0.002035	0.603329
174.000000	174.014825	1.869685	0.003008	0.081477	0.002172	0.957220
175.000000	174.988377	1.872480	0.003156	0.084536	0.002226	0.770919
176.000000	175.996394	1.866249	0.003059	0.082440	0.002198	0.743797
177.000000	176.999615	1.866544	0.003395	0.086770	0.002402	1.342412
178.000000	178.001352	1.871103	0.003135	0.083052	0.002182	0.557901
179.000000	178.999633	1.871560	0.003006	0.083967	0.002171	0.640896
180.000000	180.001477	1.872971	0.003382	0.088251	0.002203	1.754087
181.000000	181.001759	1.869407	0.003265	0.087688	0.002408	0.423172
182.000000	182.007615	1.867643	0.003171	0.085767	0.002206	0.383134
183.000000	183.008855	1.869852	0.003124	0.084327	0.002477	0.710215
184.000000	184.010185	1.867261	0.003195	0.084401	0.002172	0.714305
185.000000	185.018241	1.862909	0.003110	0.087149	0.002480	0.560125
186.000000	186.001563	1.863556	0.003232	0.086756	0.002235	1.790915
187.000000	187.028019	1.871867	0.003177	0.085151	0.002446	0.983762
188.000000	188.014750	1.871184	0.003197	0.079804	0.002350	3.346532
189.000000	189.009139	1.863538	0.003217	0.084978	0.002577	1.596651
190.000000	190.000388	1.869552	0.003279	0.086061	0.002453	0.596456
191.000000	191.002802	1.871555	0.003329	0.090072	0.002534	1.387321
192.000000	192.018501	1.862742	0.003458	0.092070	0.002521	1.189505
193.000000	193.006208	1.865501	0.003335	0.085209	0.002727	1.541104
194.000000	194.001668	1.863777	0.003247	0.086070	0.002321	0.554215
195.000000	194.998555	1.865315	0.003483	0.091386	0.002727	0.818202
196.000000	196.006436	1.867293	0.003132	0.083251	0.002472	1.046976
197.000000	196.989492	1.865023	0.003190	0.089411	0.002332	0.811817
198.000000	197.996543	1.865233	0.003351	0.088407	0.002729	1.094944
199.000000	199.008013	1.863923	0.003267	0.083450	0.002918	2.282666
200.000000	200.008918	1.859245	0.003277	0.088417	0.002296	0.570924
201.000000	200.994806	1.864783	0.003094	0.080708	0.002559	1.804575
202.000000	201.998344	1.861296	0.003285	0.086447	0.002350	0.697777
203.000000	203.003294	1.858769	0.003290	0.087149	0.002281	0.845712
204.000000	203.992184	1.862391	0.003249	0.085478	0.002423	1.319552
205.000000	204.991723	1.864214	0.003289	0.086326	0.002270	1.174947
206.000000	205.968710	1.860397	0.003249	0.086708	0.002604	0.639468
207.000000	207.005198	1.858719	0.003301	0.080816	0.002190	2.368269
208.000000	208.003593	1.860565	0.003212	0.086007	0.002413	0.869652
209.000000	208.989096	1.863419	0.003187	0.085606	0.002304	0.960972
210.000000	210.005769	1.861260	0.003177	0.085398	0.002545	1.159913
211.000000	210.989620	1.858409	0.003158	0.083590	0.002414	1.959417
212.000000	212.001849	1.860630	0.003224	0.087107	0.002154	0.441842
213.000000	213.002937	1.865003	0.003350	0.087211	0.002185	1.024737
214.000000	214.005049	1.861696	0.003256	0.086172	0.002553	0.847247
215.000000	215.002656	1.860022	0.003030	0.083153	0.002052	1.985580
216.000000	215.978092	1.858422	0.003356	0.089875	0.002962	1.365660
217.000000	217.017021	1.856976	0.003259	0.087816	0.002383	0.379461
218.000000	217.992217	1.857335	0.003105	0.083404	0.002549	1.080582
219.000000	218.999623	1.856848	0.003235	0.086694	0.002217	0.596088
220.000000	219.990515	1.856960	0.003346	0.087265	0.002278	1.321581
221.000000	221.016531	1.857390	0.003129	0.087723	0.002187	0.934608
222.000000	222.008254	1.863355	0.003421	0.089129	0.002798	1.441657
223.000000	223.000408	1.859173	0.003241	0.089147	0.002432	0.715337
224.000000	223.997774	1.856295	0.003157	0.085955	0.002180	0.598906
225.000000	224.996932	1.851281	0.003442	0.092179	0.002332	0.704003
226.000000	225.996797	1.859403	0.003274	0.089091	0.002603	1.403974
227.000000	227.007136	1.857612	0.003330	0.087979	0.002369	0.274050
228.000000	228.000244	1.854756	0.003568	0.093038	0.002796	0.783789
229.000000	229.008815	1.856038	0.003089	0.087046	0.002332	0.497135
230.000000	230.004506	1.858629	0.003280	0.088181	0.002371	1.029253
231.000000	230.985623	1.856593	0.003350	0.089398	0.002448	0.782761
232.000000	231.991865	1.853669	0.003172	0.085679	0.002447	1.022418
233.000000	233.005329	1.860853	0.003010	0.085111	0.002297	1.025082
234.000000	234.001086	1.855194	0.003341	0.090115	0.002288	0.434031
235.000000	234.982871	1.855009	0.003370	0.089976	0.002623	1.767681
236.000000	236.003627	1.856734	0.003371	0.091845	0.002628	0.767992
237.000000	236.983583	1.857603	0.003360	0.090477	0.002487	0.844339
238.000000	238.013344	1.858321	0.003243	0.088086	0.002285	1.087539
239.000000	238.988551	1.853218	0.003055	0.084841	0.002301	0.297961
240.000000	239.983769	1.863425	0.003325	0.088015	0.002188	0.484104
241.000000	241.014452	1.857548	0.003273	0.086623	0.002412	1.144423
242.000000	242.009286	1.857882	0.003129	0.086541	0.002393	0.668245
243.000000	242.997956	1.849207	0.003210	0.085391	0.002215	1.004267
244.000000	243.992903	1.852119	0.003241	0.089901	0.002555	0.734813
245.000000	245.014355	1.858502	0.003203	0.088964	0.002540	0.369884
246.000000	246.015797	1.855141	0.003222	0.086435	0.002538	1.049374
247.000000	246.996568	1.855461	0.003244	0.089869	0.002568	0.995089
248.000000	248.009210	1.855031	0.003353	0.088244	0.002433	0.862725
249.000000	249.012277	1.852585	0.003208	0.088628	0.002305	0.466430
250.000000	250.010614	1.858113	0.003287	0.086977	0.002423	1.589958
251.000000	250.985915	1.859220	0.003183	0.088616	0.002162	0.770962
252.000000	251.999065	1.865348	0.003297	0.089998	0.002382	0.673219
253.000000	252.980540	1.861911	0.003363	0.089511	0.002370	1.456816
254.000000	253.998279	1.856530	0.003381	0.092333	0.002396	0.880341
255.000000	255.011784	1.854817	0.003253	0.089980	0.002377	2.318661
256.000000	256.021076	1.855580	0.003517	0.091773	0.002883	1.393058
257.000000	256.999108	1.850383	0.003234	0.090180	0.002515	0.315605
258.000000	257.996786	1.855972	0.003149	0.085245	0.002180	0.734465
259.000000	258.996023	1.864992	0.003215	0.087611	0.002517	0.676020
260.000000	259.998923	1.858530	0.003052	0.083531	0.002227	1.317548
261.000000	261.006615	1.851498	0.003313	0.089277	0.002668	1.829503
262.000000	261.998105	1.855398	0.003176	0.088250	0.002126	0.336344
263.000000	263.002170	1.853548	0.003126	0.088736	0.002506	0.539705
264.000000	263.995891	1.856461	0.003283	0.090130	0.002738	1.239757
265.000000	264.995472	1.852990	0.003077	0.089809	0.002246	0.809061
266.000000	265.983619	1.858196	0.003234	0.090033	0.002271	1.131375
267.000000	266.980852	1.858929	0.003322	0.088784	0.002473	0.339460
268.000000	267.989447	1.855048	0.003301	0.089786	0.002098	0.880640
269.000000	268.993879	1.857701	0.003104	0.084046	0.002337	1.467950
270.000000	270.006789	1.855424	0.003451	0.094761	0.002539	0.168525
271.000000	271.008134	1.857376	0.003323	0.089475	0.002527	0.795598
272.000000	271.995664	1.861466	0.003537	0.093556	0.002879	0.593988
273.000000	272.984205	1.858703	0.003216	0.088998	0.002241	0.931582
274.000000	273.986490	1.866429	0.003357	0.092050	0.002685	1.043916
275.000000	274.978001	1.858429	0.003123	0.088581	0.002099	0.758556
276.000000	275.990851	1.863737	0.003581	0.099087	0.002778	0.519331
277.000000	277.000555	1.860325	0.003361	0.088869	0.002594	1.630604
278.000000	278.012789	1.859100	0.003208	0.088697	0.002127	1.303800
279.000000	278.995866	1.862726	0.003534	0.097354	0.002705	0.926698
280.000000	279.992943	1.855496	0.003141	0.087783	0.002249	1.026975
281.000000	280.998999	1.858991	0.003461	0.091613	0.002366	0.978933
282.000000	281.977931	1.858234	0.003290	0.090623	0.002304	1.256358
283.000000	283.008284	1.861075	0.003453	0.091792	0.002342	1.254079
284.000000	283.993499	1.859007	0.003288	0.090770	0.002230	0.895652
285.000000	285.006449	1.856395	0.003201	0.089990	0.002401	0.268119
286.000000	285.984165	1.858633	0.003367	0.094016	0.002518	0.863055
287.000000	286.992269	1.862691	0.003504	0.097925	0.002879	0.725774
288.000000	287.993545	1.865891	0.003369	0.090077	0.002112	1.433706
289.000000	288.996433	1.864226	0.003409	0.091907	0.002361	0.506402
290.000000	289.986076	1.858603	0.003375	0.093226	0.002603	0.919107
291.000000	291.005483	1.858346	0.003350	0.094103	0.002345	0.726629
292.000000	291.982033	1.856273	0.003288	0.093885	0.002585	1.412444
293.000000	292.991944	1.857151	0.003445	0.096773	0.002399	0.654150
294.000000	294.000384	1.863912	0.003383	0.093820	0.002462	0.687522
295.000000	295.000992	1.864260	0.003238	0.090923	0.002456	1.167749
296.000000	295.994839	1.863998	0.003323	0.090858	0.002528	1.067428
297.000000	297.006409	1.857824	0.003478	0.098139	0.002487	1.264982
298.000000	298.003783	1.860984	0.003270	0.089601	0.002633	1.325166
299.000000	299.011362	1.864002	0.003330	0.094417	0.002509	0.824316
300.000000	299.999405	1.862731	0.003381	0.095125	0.002915	1.872535
