Bin Center	Bin Actual	Gaus Mean	Mean Error	Gaus Sigma	Sig Error	X^2/DOF
2.000000	1.934281	2.835719	0.003748	0.125913	0.002646	0.589848
3.000000	2.933373	2.707299	0.003694	0.113077	0.002349	2.254557
4.000000	3.943258	2.615509	0.003595	0.109254	0.002677	1.283215
5.000000	4.971471	2.542368	0.003286	0.102038	0.002127	1.229773
6.000000	5.990844	2.493449	0.003345	0.098809	0.002356	0.702287
7.000000	6.994253	2.452210	0.003584	0.103734	0.002610	0.152855
8.000000	8.007284	2.413749	0.003378	0.096965	0.002355	1.073865
9.000000	9.015352	2.388460	0.003557	0.096159	0.002449	1.240683
10.000000	9.982475	2.356873	0.003295	0.092240	0.002764	1.644579
11.000000	10.984269	2.337814	0.003141	0.090796	0.002066	1.419310
12.000000	12.014148	2.311173	0.003362	0.095681	0.002421	1.353736
13.000000	13.002775	2.288799	0.003351	0.096625	0.002333	0.727252
14.000000	13.998097	2.267324	0.003168	0.089119	0.002196	0.372693
15.000000	15.001343	2.250773	0.003326	0.090949	0.002384	0.940079
16.000000	16.001647	2.233142	0.003377	0.093301	0.002701	1.285990
17.000000	17.002659	2.219353	0.003252	0.086553	0.002258	1.204491
18.000000	18.010146	2.213174	0.003165	0.089457	0.002138	0.213902
19.000000	19.010031	2.193096	0.003420	0.095494	0.002711	0.342991
20.000000	19.998415	2.182014	0.003389	0.091075	0.002620	1.880063
21.000000	20.999624	2.169043	0.003332	0.086082	0.002281	0.609161
22.000000	22.001077	2.164379	0.003353	0.091860	0.002785	1.460033
23.000000	22.995295	2.151740	0.003253	0.091142	0.002235	0.594698
24.000000	23.998754	2.141968	0.003314	0.089137	0.002583	1.723811
25.000000	24.985321	2.141134	0.003288	0.092135	0.002502	0.528926
26.000000	25.999091	2.126324	0.003273	0.089748	0.002340	1.312846
27.000000	27.004130	2.112769	0.003313	0.089782	0.002573	0.737023
28.000000	27.987765	2.106695	0.003257	0.089545	0.002466	0.388869
29.000000	29.002700	2.098970	0.003247	0.089720	0.002186	0.369910
30.000000	29.978957	2.096570	0.003345	0.089615	0.002331	0.665665
31.000000	30.982311	2.091331	0.003312	0.093315	0.002481	0.799004
32.000000	31.975168	2.078964	0.003394	0.089052	0.002267	0.698842
33.000000	32.992454	2.078152	0.003318	0.088715	0.002535	1.391266
34.000000	33.993096	2.072999	0.003188	0.089254	0.002310	0.422720
35.000000	34.990100	2.059202	0.003294	0.090193	0.002350	1.484069
36.000000	36.003239	2.058937	0.003344	0.090435	0.002562	0.478807
37.000000	37.013448	2.045369	0.003197	0.086439	0.002011	1.598341
38.000000	38.008373	2.051347	0.003170	0.086532	0.002529	1.061624
39.000000	39.006464	2.039306	0.003175	0.086776	0.002256	0.338355
40.000000	39.994732	2.034832	0.003275	0.090104	0.002219	0.629644
41.000000	40.976498	2.027357	0.003101	0.085100	0.002189	0.910902
42.000000	41.997788	2.026434	0.003264	0.086261	0.002721	1.141526
43.000000	42.985880	2.024749	0.003125	0.086480	0.002281	0.754184
44.000000	44.001513	2.016705	0.003225	0.086652	0.002398	1.390951
45.000000	44.983206	2.015317	0.003177	0.084031	0.002250	1.388153
46.000000	46.019326	2.013238	0.003180	0.080620	0.002034	1.929011
47.000000	46.998390	2.006670	0.003371	0.084575	0.002217	2.584515
48.000000	47.987206	2.004741	0.003108	0.085883	0.002096	1.223404
49.000000	48.986071	1.998928	0.003162	0.085781	0.002114	1.735143
50.000000	50.001619	1.992873	0.003229	0.085492	0.002245	1.108692
51.000000	51.015350	1.995455	0.003174	0.082869	0.002443	2.093942
52.000000	52.016961	1.990458	0.003371	0.085683	0.002448	1.273260
53.000000	53.006261	1.985939	0.003030	0.081074	0.002261	2.105059
54.000000	54.011476	1.986114	0.003233	0.087623	0.002620	1.778183
55.000000	55.001163	1.976513	0.003172	0.086133	0.002493	1.194347
56.000000	55.980958	1.975714	0.003266	0.086721	0.002255	1.112757
57.000000	56.979036	1.975263	0.003134	0.084866	0.002563	0.877663
58.000000	58.005012	1.966182	0.003063	0.084876	0.002091	1.336104
59.000000	58.988160	1.962997	0.003259	0.086811	0.002384	0.651238
60.000000	60.004138	1.957550	0.003149	0.085374	0.002217	0.940448
61.000000	60.991490	1.964102	0.003188	0.083528	0.002225	1.447776
62.000000	61.983185	1.958927	0.003200	0.086274	0.002373	0.906739
63.000000	62.988981	1.957974	0.003292	0.088239	0.002464	0.421158
64.000000	64.003328	1.955578	0.003381	0.085156	0.002413	1.611599
65.000000	64.992101	1.950819	0.003207	0.082397	0.002055	1.648700
66.000000	66.001123	1.946960	0.003258	0.086097	0.002295	0.991526
67.000000	67.011195	1.943787	0.003257	0.084843	0.002077	1.757562
68.000000	68.003272	1.938328	0.003126	0.082874	0.002397	1.347224
69.000000	68.997383	1.938868	0.003195	0.086677	0.002476	0.331962
70.000000	70.009686	1.941362	0.003383	0.085359	0.002670	3.158639
71.000000	71.009971	1.934972	0.003004	0.082508	0.002186	0.901811
72.000000	71.984251	1.938683	0.003096	0.084962	0.002261	0.485590
73.000000	73.018728	1.941514	0.003090	0.082120	0.002263	2.304213
74.000000	74.007721	1.928503	0.003181	0.083608	0.002575	1.650888
75.000000	75.003306	1.929982	0.002990	0.079015	0.002322	1.646666
76.000000	75.996194	1.927957	0.003096	0.084487	0.002349	0.583438
77.000000	77.001651	1.923821	0.003317	0.085990	0.002395	2.157898
78.000000	78.007514	1.921664	0.003041	0.083937	0.002071	1.335255
79.000000	79.026270	1.918951	0.003328	0.083242	0.002283	2.843092
80.000000	80.003759	1.914537	0.003034	0.082992	0.002319	1.477375
81.000000	80.997549	1.911425	0.003106	0.085124	0.002131	0.685699
82.000000	82.001555	1.913120	0.003096	0.080479	0.002447	2.331106
83.000000	82.984771	1.916336	0.003042	0.083517	0.002053	1.296339
84.000000	83.993519	1.912581	0.003260	0.084555	0.002757	1.593111
85.000000	85.011907	1.908842	0.002927	0.079191	0.001979	2.054269
86.000000	85.983399	1.907522	0.003273	0.085649	0.002526	2.018564
87.000000	86.993265	1.897846	0.003110	0.083966	0.002163	1.668724
88.000000	87.997372	1.909971	0.003319	0.086784	0.002521	2.168336
89.000000	88.994847	1.895339	0.003185	0.083782	0.002543	1.192290
90.000000	89.990120	1.900935	0.003123	0.082621	0.002230	0.784148
91.000000	91.006194	1.891977	0.003194	0.084471	0.002352	0.976851
92.000000	92.011367	1.893870	0.003372	0.084757	0.002203	1.247481
93.000000	92.996943	1.895083	0.003247	0.083229	0.002397	2.567743
94.000000	93.998378	1.896190	0.003240	0.082715	0.002383	0.968454
95.000000	95.019760	1.893163	0.003248	0.079905	0.002726	3.476918
96.000000	95.997676	1.887712	0.003637	0.088578	0.003075	1.141139
97.000000	97.010532	1.882457	0.003335	0.081491	0.002869	2.249342
98.000000	97.980838	1.876589	0.003457	0.079638	0.002537	1.423089
99.000000	99.010160	1.872530	0.003430	0.079376	0.002405	1.446156
100.000000	99.996182	1.877075	0.003982	0.090192	0.003052	0.642437
101.000000	100.962340	1.891152	0.003582	0.079529	0.003153	2.703691
102.000000	101.997587	1.870006	0.003996	0.082682	0.002708	1.232218
103.000000	103.028226	1.877257	0.003805	0.081342	0.002650	0.800700
104.000000	103.964192	1.870218	0.003798	0.081124	0.002962	0.753014
105.000000	105.003545	1.870623	0.004168	0.087312	0.003438	1.495184
106.000000	105.996694	1.866933	0.003610	0.079329	0.002579	1.384791
107.000000	106.972599	1.864928	0.004135	0.081765	0.003122	2.427529
108.000000	108.003814	1.860387	0.003567	0.079783	0.002683	0.665835
109.000000	109.017887	1.860091	0.003729	0.083898	0.002770	0.484076
110.000000	110.004628	1.867494	0.003842	0.084611	0.002897	1.371699
111.000000	111.019722	1.859602	0.003426	0.080266	0.002837	1.657102
112.000000	111.987317	1.857090	0.003400	0.085241	0.002349	0.416028
113.000000	113.002877	1.855413	0.003449	0.083669	0.002590	0.451774
114.000000	114.000590	1.860237	0.003371	0.083916	0.002630	0.419275
115.000000	114.992287	1.858952	0.003247	0.081287	0.002401	0.841025
116.000000	116.005506	1.848338	0.003324	0.080741	0.002335	1.785186
117.000000	116.992193	1.847076	0.003359	0.081997	0.002423	1.428593
118.000000	117.993348	1.847894	0.003314	0.085330	0.002377	1.144764
119.000000	118.994821	1.842250	0.003359	0.084125	0.002512	1.730615
120.000000	120.015835	1.841283	0.003316	0.079044	0.002198	1.540842
121.000000	120.994628	1.849042	0.003373	0.081386	0.002500	1.352552
122.000000	121.998127	1.841990	0.003263	0.078655	0.002098	3.008668
123.000000	123.013574	1.837605	0.003227	0.079537	0.002639	1.690434
124.000000	123.998609	1.837049	0.003504	0.086277	0.002367	1.312855
125.000000	125.011079	1.840068	0.003363	0.085494	0.002573	1.419202
126.000000	126.000988	1.838041	0.003371	0.084989	0.002514	0.711233
127.000000	127.007039	1.840273	0.003284	0.081608	0.002278	2.695069
128.000000	127.989226	1.834463	0.003312	0.086240	0.002635	1.075943
129.000000	129.013676	1.831897	0.003116	0.080654	0.002304	0.409343
130.000000	130.007302	1.834211	0.003062	0.077847	0.002023	0.623525
131.000000	131.005379	1.831374	0.003137	0.078223	0.002073	1.823044
132.000000	131.995261	1.835996	0.003124	0.082318	0.002069	0.917600
133.000000	133.006490	1.833137	0.003398	0.089064	0.002859	0.613328
134.000000	133.985436	1.830695	0.003415	0.085475	0.002920	2.157680
135.000000	134.994608	1.827048	0.003362	0.084846	0.002650	0.686536
136.000000	136.009789	1.824888	0.003199	0.081266	0.002195	0.671532
137.000000	136.990499	1.821507	0.003213	0.085458	0.002300	0.267276
138.000000	138.008909	1.823111	0.003614	0.086622	0.002402	1.799382
139.000000	139.003710	1.826028	0.003138	0.079643	0.002077	1.250921
140.000000	140.011936	1.824806	0.003197	0.083197	0.002357	0.831523
141.000000	140.988260	1.822240	0.003031	0.078547	0.002524	0.912250
142.000000	142.005351	1.820376	0.003300	0.086208	0.002668	0.240252
143.000000	142.996246	1.815450	0.003235	0.085109	0.002461	0.553767
144.000000	144.003145	1.819545	0.003261	0.082344	0.002247	0.774709
145.000000	145.004150	1.811369	0.003426	0.086686	0.002278	0.473848
146.000000	145.997597	1.814915	0.003168	0.083837	0.002497	1.246863
147.000000	147.008185	1.816112	0.003226	0.081649	0.002223	0.461293
148.000000	147.995680	1.822664	0.003138	0.080946	0.002361	0.437063
149.000000	149.010095	1.814630	0.003306	0.083875	0.002650	0.978840
150.000000	150.009384	1.812977	0.003504	0.085506	0.002443	1.175109
151.000000	151.013221	1.806908	0.003379	0.087099	0.002274	1.080186
152.000000	151.991791	1.808437	0.003259	0.083824	0.002256	1.245082
153.000000	152.998595	1.817378	0.003299	0.083208	0.002711	1.051642
154.000000	153.991063	1.812275	0.003227	0.080062	0.002228	1.557882
155.000000	155.007850	1.807628	0.003234	0.083547	0.002341	0.880130
156.000000	156.011345	1.803395	0.003134	0.082248	0.002341	0.907161
157.000000	157.001255	1.812370	0.003086	0.082770	0.002191	0.458289
158.000000	158.003888	1.812680	0.003593	0.087361	0.002931	1.288562
159.000000	158.996728	1.806149	0.003227	0.082102	0.002257	0.726668
160.000000	160.006489	1.801047	0.003223	0.081230	0.002071	2.803415
161.000000	161.011472	1.804099	0.003182	0.082803	0.002267	0.666690
162.000000	161.998607	1.804909	0.003330	0.085369	0.002223	1.336716
163.000000	162.990231	1.799807	0.003114	0.082829	0.002130	0.371956
164.000000	163.988902	1.798794	0.003201	0.082397	0.002246	2.635049
165.000000	165.000304	1.803800	0.003013	0.079558	0.002058	2.472336
166.000000	165.990312	1.806495	0.003334	0.085458	0.002385	0.622046
167.000000	167.018078	1.798375	0.003248	0.082135	0.002309	1.881677
168.000000	168.008471	1.800352	0.003294	0.084757	0.002516	1.845806
169.000000	168.976253	1.799363	0.003550	0.086659	0.002938	1.935531
170.000000	169.994551	1.790887	0.003323	0.086389	0.002429	1.123432
171.000000	170.998768	1.803073	0.003149	0.078675	0.002020	2.731543
172.000000	172.010641	1.794045	0.003134	0.082433	0.002178	0.724422
173.000000	173.007494	1.796847	0.003310	0.086815	0.002864	0.831052
174.000000	174.016497	1.797237	0.003145	0.079967	0.002307	0.815790
175.000000	175.016228	1.790668	0.003315	0.087573	0.002670	1.278088
176.000000	175.993696	1.790132	0.003184	0.080927	0.002299	1.496777
177.000000	176.993601	1.792335	0.003365	0.086862	0.002321	0.577992
178.000000	177.992159	1.798228	0.003330	0.088244	0.002859	0.996078
179.000000	178.992957	1.786851	0.003038	0.080827	0.002034	1.632555
180.000000	179.986001	1.796008	0.003278	0.082906	0.002604	1.343232
181.000000	181.001843	1.791130	0.003289	0.085383	0.002416	0.597980
182.000000	182.005252	1.793186	0.003183	0.080711	0.002159	0.576504
183.000000	183.000286	1.789311	0.003189	0.081780	0.002491	1.380315
184.000000	183.991373	1.787601	0.003201	0.082021	0.002251	0.760673
185.000000	184.999332	1.793752	0.003358	0.079624	0.002251	2.270625
186.000000	186.009796	1.793323	0.003213	0.080544	0.002372	0.908513
187.000000	187.001938	1.790208	0.003099	0.082988	0.002361	0.945554
188.000000	187.995580	1.786350	0.003202	0.080868	0.002310	1.413068
189.000000	189.006572	1.784085	0.003431	0.081032	0.002008	3.659015
190.000000	190.003748	1.784608	0.003160	0.076949	0.002174	1.756263
191.000000	190.993846	1.785789	0.003257	0.082741	0.002329	1.408328
192.000000	192.005933	1.784887	0.003283	0.083522	0.002297	0.804182
193.000000	193.002840	1.788375	0.003403	0.082157	0.002293	2.589875
194.000000	193.991097	1.779786	0.003232	0.083472	0.002448	0.797491
195.000000	195.015105	1.783021	0.003327	0.084216	0.002539	0.483976
196.000000	195.990800	1.782967	0.003431	0.080148	0.002424	2.934344
197.000000	196.993822	1.784945	0.003379	0.086497	0.002714	0.602237
198.000000	197.987631	1.778119	0.003298	0.084482	0.002399	0.900437
199.000000	198.985917	1.779347	0.003407	0.080743	0.002058	2.334450
200.000000	200.017898	1.779204	0.003365	0.084142	0.002297	1.382287
201.000000	200.990287	1.778426	0.003211	0.082001	0.002593	3.123112
202.000000	202.013280	1.780509	0.003320	0.084249	0.002563	1.035312
203.000000	202.991225	1.783060	0.003241	0.083018	0.002281	1.298823
204.000000	203.998360	1.773019	0.003542	0.089343	0.002577	1.201874
205.000000	204.990840	1.779998	0.003233	0.083569	0.002232	0.795701
206.000000	206.008542	1.783100	0.003146	0.080912	0.002185	1.033859
207.000000	207.010509	1.774374	0.003402	0.085885	0.002734	0.561218
208.000000	207.996383	1.771264	0.003107	0.080502	0.002047	1.155566
209.000000	209.000058	1.773515	0.003172	0.081049	0.002332	0.821215
210.000000	209.994630	1.773484	0.003171	0.080076	0.002335	1.193109
211.000000	211.000478	1.777610	0.003491	0.085906	0.002435	1.579973
212.000000	211.989723	1.770681	0.003377	0.086577	0.002289	0.743835
213.000000	213.000600	1.777831	0.003364	0.085428	0.002684	1.235478
214.000000	213.984085	1.775932	0.003283	0.085947	0.002510	0.463690
215.000000	214.985682	1.771870	0.003393	0.086993	0.002529	0.462325
216.000000	215.985087	1.778862	0.003120	0.083322	0.002236	0.979154
217.000000	216.992976	1.776087	0.003435	0.085398	0.002572	2.080369
218.000000	218.026120	1.773256	0.003282	0.083065	0.002462	0.792299
219.000000	219.006912	1.772755	0.003236	0.082668	0.002536	0.569751
220.000000	220.011240	1.782155	0.003137	0.080455	0.002508	1.268154
221.000000	221.008806	1.765265	0.003200	0.081675	0.002106	1.710125
222.000000	221.992142	1.767107	0.003366	0.084756	0.002120	1.880083
223.000000	223.002452	1.768959	0.003350	0.084895	0.002045	1.880771
224.000000	223.992490	1.770702	0.003265	0.081797	0.002063	1.715901
225.000000	224.982312	1.771070	0.003160	0.083367	0.002067	0.932755
226.000000	226.000172	1.769203	0.003351	0.085201	0.002366	0.681252
227.000000	226.996858	1.766046	0.003107	0.082647	0.002252	1.103909
228.000000	227.993839	1.768398	0.003226	0.085109	0.002191	0.765458
229.000000	229.019658	1.765602	0.003338	0.084589	0.002254	1.507250
230.000000	230.003316	1.768965	0.003345	0.082964	0.002138	2.114897
231.000000	230.996147	1.776061	0.003343	0.086005	0.002237	1.136888
232.000000	232.003100	1.773354	0.003243	0.083916	0.002885	1.785414
233.000000	232.996999	1.768931	0.003400	0.084448	0.002462	1.789487
234.000000	233.997269	1.765942	0.003141	0.081739	0.002265	0.343003
235.000000	235.012610	1.763316	0.003244	0.085467	0.002239	1.463110
236.000000	236.006223	1.759848	0.003456	0.084831	0.002376	1.812631
237.000000	236.994181	1.766136	0.003352	0.089616	0.002237	0.809857
238.000000	238.008068	1.770448	0.003397	0.086495	0.002546	1.275453
239.000000	239.006703	1.760527	0.003685	0.085936	0.002538	2.573608
240.000000	239.995530	1.766397	0.003226	0.083391	0.002447	1.589657
241.000000	241.007012	1.759749	0.003521	0.087864	0.003031	0.951476
242.000000	241.977027	1.773462	0.003287	0.084827	0.002598	0.588007
243.000000	242.990552	1.763135	0.003361	0.085649	0.002406	1.472302
244.000000	243.998212	1.757801	0.003168	0.083904	0.002396	0.955610
245.000000	245.011560	1.766109	0.003137	0.081221	0.002344	0.490662
246.000000	246.009941	1.773486	0.003211	0.083150	0.002006	1.191356
247.000000	246.996861	1.768135	0.003372	0.082332	0.002290	1.233026
248.000000	248.008571	1.762575	0.003242	0.083321	0.002207	0.862464
249.000000	248.995795	1.757197	0.003526	0.087460	0.002149	2.714007
250.000000	249.996753	1.765227	0.003345	0.081860	0.002640	1.870142
251.000000	251.014941	1.768054	0.003283	0.081410	0.002364	2.089608
252.000000	252.011729	1.761237	0.003250	0.085814	0.002352	0.421124
253.000000	253.013607	1.760278	0.003405	0.088340	0.002391	0.834229
254.000000	253.987882	1.753858	0.003464	0.086140	0.002486	2.283351
255.000000	255.004608	1.760584	0.003393	0.087250	0.002815	1.594729
256.000000	256.013073	1.763969	0.003323	0.085461	0.002868	0.773609
257.000000	256.990433	1.760403	0.003252	0.086278	0.002848	1.056207
258.000000	258.009420	1.760896	0.003450	0.084226	0.002225	1.836368
259.000000	259.002569	1.759530	0.003236	0.087145	0.002736	1.438029
260.000000	259.990391	1.759341	0.003364	0.087679	0.002689	1.122906
261.000000	261.004786	1.757505	0.003023	0.078123	0.002116	0.601029
262.000000	262.001655	1.756346	0.003404	0.085034	0.002362	1.075475
263.000000	262.994006	1.757064	0.003311	0.084444	0.002321	1.209324
264.000000	263.989713	1.756777	0.003142	0.082680	0.002149	1.246999
265.000000	264.987926	1.759161	0.003189	0.082154	0.002272	1.327672
266.000000	266.010307	1.756861	0.003414	0.087061	0.002478	0.745236
267.000000	267.000913	1.751557	0.003256	0.086868	0.002206	1.063614
268.000000	268.012566	1.752448	0.003525	0.092639	0.002437	0.720641
269.000000	269.019119	1.761568	0.003250	0.082240	0.002195	2.179131
270.000000	270.011816	1.756932	0.003340	0.087007	0.002954	1.616764
271.000000	270.979249	1.747652	0.003544	0.086582	0.002532	1.389570
272.000000	272.005831	1.757782	0.003279	0.085494	0.002696	0.873478
273.000000	272.974944	1.752596	0.003291	0.085613	0.002515	0.685784
274.000000	273.987511	1.750492	0.003432	0.085820	0.002313	1.401274
275.000000	274.992883	1.758937	0.003490	0.086824	0.002377	0.634392
276.000000	275.997877	1.763998	0.003389	0.092730	0.002842	1.451467
277.000000	276.990781	1.757559	0.003352	0.086066	0.002252	1.291545
278.000000	277.987345	1.756782	0.003626	0.086503	0.002573	1.561140
279.000000	278.991355	1.758419	0.003133	0.086295	0.002540	0.714493
280.000000	279.992784	1.754187	0.003191	0.083538	0.002429	0.839417
281.000000	280.996661	1.757600	0.003408	0.087581	0.002872	1.526749
282.000000	281.999007	1.748269	0.003314	0.083266	0.002320	1.791839
283.000000	283.006053	1.754995	0.003375	0.088179	0.002672	1.376062
284.000000	283.990843	1.758337	0.003275	0.085285	0.002607	1.002272
285.000000	285.000412	1.754480	0.003249	0.084576	0.002546	0.837986
286.000000	286.013323	1.761583	0.003370	0.087186	0.002792	0.877944
287.000000	287.020607	1.750764	0.003444	0.091829	0.002590	0.485259
288.000000	287.987122	1.750802	0.003488	0.087260	0.002989	1.259380
289.000000	288.996256	1.755295	0.003703	0.094090	0.002938	0.874161
290.000000	290.003137	1.756737	0.003369	0.085960	0.002301	1.210616
291.000000	290.995726	1.749610	0.003324	0.086499	0.002543	1.224756
292.000000	291.994157	1.752097	0.003247	0.085550	0.002537	1.554963
293.000000	293.013631	1.751395	0.003559	0.091072	0.002531	0.578373
294.000000	293.999178	1.755012	0.003413	0.087697	0.002726	0.967072
295.000000	294.992137	1.757608	0.003530	0.090218	0.002519	0.701352
296.000000	296.014083	1.751431	0.003319	0.086805	0.003025	2.686067
297.000000	297.000326	1.757382	0.003475	0.089717	0.002375	0.798838
298.000000	297.995880	1.749680	0.003339	0.087899	0.002495	0.979098
299.000000	298.996442	1.749105	0.003436	0.087652	0.002584	0.223149
300.000000	299.964224	1.755235	0.003388	0.089550	0.002644	0.991099
