11693748000000000    11712092431418476
11960508000000000    11978836970686668
12031596000000000    12047086393103632
12047220000000000    12079961986085668
12093378000000000    12117060149687738
12127968000000000    12141958858211338
12188442000000000    12201359010441816
12213510000000000    12227837541128322
12239502000000000    12261412827969668
12271812000000000    12285578392820756
12291300000000000    12305240793121860
12309126000000000    12331563302022248
12358242000000000    12372051479478652
12380070000000000    12393827749847304
12395376000000000    12408911416757614
12421632000000000    12435269537981894
12440484000000000    12469758762999668
12480720000000000    12494889820921356
12515790737503616    12529686824796350
12636450000000000    12650250206021560
12662694000000000    12678093180630728
12686350737503616    12701634731430692
12723166737503616    12738629506063748
12757932000000000    12772379946367604
12790986000000000    12805405846167342
12813390000000000    12826884500044398
12855038737503616    12874453097627526
12909210000000000    12951216746307028
12991824000000000    13009580448955990
13053000000000000    13067227150095840
13112126737503616    13131386962406436
13187454000000000    13205505904353266
13247808000000000    13265441110863286
13312542000000000    13330097460904292
13413606000000000    13430540078649112
13974522000000000    13991527356329084
14034720000000000    14051691509506658
14068554000000000    14085484487257942
14132046000000000    14148945160316422
14192124000000000    14208940842139978
14216148000000000    14232937678339788
14251956000000000    14268771333918202
14310636000000000    14327407466413728
14372022000000000    14388683482585884
14432400000000000    14449039444955936
14497866000000000    14512189627739352
14555190000000000    14571773037955574
14613708000000000    14630291453136576
14674818000000000    14691195689636252
14735244000000000    14751706561105152
14795976000000000    14812289325492532
14856246000000000    14872562272516582
14882202000000000    14899026479274756
14915376000000000    14932206569715822
15007422000000000    15026025337640368
15093780000000000    15110963926354682
15163704000000000    15176173526231328
15210948000000000    15229328628964860
15252342737503618    15263795887383000
15264528000000000    15288562096613628
15339006000000000    15357249495826886
15408132000000000    15421467690814502
15468228000000000    15486265116571280
15521412000000000    15539314102404118
15561954000000000    15579542805789470
15648324000000000    15661162285758266
15710616000000000    15728177574919600
15762072000000000    15779695021075500
15823974000000000    15842429684658622
15885102000000000    15902885125862112
15946596000000000    15964541778395998
16011036000000000    16033917436964870
16186872000000000    16204675406281486
16231692000000000    16248354795808954
16256208000000000    16274087245204728
16308288000000000    16326396645118794
16368486000000000    16386529776948910
16436172000000000    16450040542532318
16497906000000000    16517072226169646
16550256000000000    16568364652706214
16618380000000000    16636294519866746
16672338000000000    16690298427362370
16696650000000000    16715449433936686
16793022000000000    16810996921057242
